t,u,q,dq,backlash,d_backlash
0.0,0.0,1.6654341595719693,10.0,0.0,0.0
0.01001001001001001,0.0646596113701785,1.7649475688702991,9.706334681355482,-0.0012805995634687778,-0.2528065333357691
0.02002002002002002,0.12659736364561422,1.860579007403329,9.421076013801077,-0.005096623335508086,-0.5091019637267777
0.03003003003003003,0.18586684000524384,1.9533954182229707,9.143706486506755,-0.01149033519318059,-0.7678655637405909
0.04004004004004004,0.24252114290836296,2.0425987730466995,8.878965966795265,-0.02036759891000667,-1.0233652547037935
0.050050050050050046,0.29661289409462555,2.130099727241995,8.623338343231627,-0.03188668726518081,-1.2778778005961913
0.06006006006006006,0.3481942345840446,2.215110331913532,8.381140336089123,-0.04592137607005126,-1.526155816968323
0.07007007007007007,0.3973168246769919,2.2977718235060185,8.153721970150407,-0.06239751258850056,-1.765882144336788
0.08008008008008008,0.44403184395419754,2.378237836526488,7.942216740967072,-0.0812191174589499,-1.9950052180099551
0.09009009009009009,0.4883899912767504,2.4566723565505733,7.747565345318694,-0.10227093723442407,-2.2117183218399816
0.10010010010010009,0.5304414847860986,2.5332479110088397,7.57053935046215,-0.12542078905885817,-2.4144389068860366
0.11011011011011011,0.570236061904048,2.6081439928550423,7.41176398416313,-0.15052170206428608,-2.6017887213389526
0.12012012012012012,0.6078229793327643,2.681545705156096,7.271739445175076,-0.1774138663767511,-2.772575272381628
0.13013013013013014,0.6432510130547711,2.7536426095760875,7.15086031477361,-0.2059264048619588,-2.92577495471433
0.14014014014014015,0.6765684583329512,2.824627758282587,7.049432793884581,-0.2358789853275028,-3.060518034760483
0.15015015015015015,0.7078231297105454,2.895584512958578,7.177517016145099,-0.2669093172294128,-2.634956185067539
0.16016016016016016,0.7370623610111537,2.9714407881247693,7.898683338768938,-0.282449463798883,-0.72473433277089
0.17017017017017017,0.7643330053387348,3.0522235339384762,8.212115901713899,-0.28499934921512193,0.09066557920029211
0.18018018018018017,0.7896814350776066,3.1350671729556403,8.336416868004202,-0.2823700147759207,0.3772369812071251
0.19019019019019018,0.8131535418924446,3.2187034016256884,8.383492429951392,-0.27823557093357626,0.4249825043500004
0.20020020020020018,0.8347947367282842,3.3026995600974587,8.419161220460772,-0.2741033068613747,0.4046048684251597
0.21021021021021022,0.8546499498105178,3.38716755498856,8.478489797063501,-0.2700687685789266,0.40709278761005036
0.22022022022022023,0.8727636306448986,3.47234991826052,8.561983105959612,-0.26588513356932564,0.4343468007179164
0.23023023023023023,0.889179748017537,3.558486540276437,8.66926896859851,-0.26130567196020066,0.4861548604806478
0.24024024024024024,0.9039417899949032,3.6458129409985975,8.799842857738732,-0.25608661487746326,0.5621343029973633
0.2502502502502503,0.9170927639238252,3.734558861694672,8.95305034356607,-0.24998894106353695,0.6617152127437811
0.2602602602602603,0.9286751964314897,3.824946663971286,9.128066182591464,-0.24278034553853853,0.7841207187309507
0.2702702702702703,0.9387311334254426,3.9171895049430145,9.3238705563928,-0.23423741861474429,0.9283447276098413
0.2802802802802803,0.9473021400935884,4.011489263429109,9.539223178420064,-0.22414805752863487,1.0931278055748483
0.2902902902902903,0.9544293009041909,4.108034200521821,9.772636249517298,-0.21231412459123425,1.276932178573637
0.3003003003003003,0.9601532196058711,4.20699634919721,10.022347554619431,-0.19855435456394316,1.4779171278211212
0.3103103103103103,0.9645140192276098,4.30852864229586,10.28629534490348,-0.18270749948416143,1.6939164057092053
0.3203203203203203,0.9675513420787465,4.412761806500228,10.562097022129988,-0.16463568107361556,1.9224196666137634
0.3303303303303303,0.9693043497489787,4.519801071934969,10.847034003157814,-0.14422789909695766,2.1605602660410796
0.34034034034034033,0.9698117231083636,4.629722772387611,11.138045446693495,-0.12140361892112327,2.405112084092201
0.35035035035035034,0.9691116623073168,4.742570939027956,11.431733711229517,-0.0961163339102576,2.6524982153248224
0.36036036036036034,0.9672418867766116,4.858354019375104,11.724384411618345,-0.0683569696902083,2.8988143654951637
0.37037037037037035,0.9642396352273813,4.977041880858482,12.01200367616049,-0.03815696998658862,3.1398695306224313
0.38038038038038036,0.9601416656511172,5.098563281647573,12.290374607680794,-0.0055908806717808,3.371245936452057
0.39039039039039036,0.9549842553196699,5.222804006898216,12.555133974678668,0.029221766570025603,3.5883792404162493
0.40040040040040037,0.9488032007852486,5.349605872325327,12.801868797264362,0.06611547308052122,3.786658638450903
0.41041041041041043,0.9416338178804198,5.478766785436398,13.02623080131537,0.1048788848982129,3.961544829444421
0.42042042042042044,0.9335109417181108,5.610042025114541,13.224064818542999,0.14525615774874187,4.108701895940217
0.43043043043043044,0.924468926691606,5.743146851409654,13.391545307495157,0.1869496868270756,4.224137258374521
0.44044044044044045,0.9145416464745502,5.877760490547381,13.525313514795677,0.22962424582240235,4.304342205310092
0.45045045045045046,0.9037624940209453,6.013003536444855,13.225664325855414,0.27155305836379534,3.324526237467138
0.46046046046046046,0.8921643815651517,6.140132226523173,12.322912065513979,0.2908412062806141,0.8607448276151061
0.47047047047047047,0.8797797406218903,6.261192632464614,11.94803571882143,0.2934408054756859,-0.17981841607902677
0.4804804804804805,0.8666405219862398,6.379890685935751,11.817335311300896,0.2894883446472473,-0.5358788197650329
0.4904904904904905,0.8527781957336368,6.497814134074006,11.766119611464529,0.2836066218856475,-0.6356959028610334
0.5005005005005005,0.8382237512198778,6.615106459058864,11.686814028409378,0.27666914321974095,-0.7583890584884948
0.5105105105105106,0.8230076970811168,6.731442238146417,11.575072192820533,0.26832331477333626,-0.9170947813443788
0.5205205205205206,0.8071600612338684,6.846505765118087,11.432703522021486,0.25821874105912834,-1.1097719378200732
0.5305305305305306,0.7907103908750035,6.960001656388384,11.261951096478988,0.2460281458112288,-1.3338499349375432
0.5405405405405406,0.7736877524817543,7.071658808828542,11.065414266010187,0.23145228321532962,-1.586307262892268
0.5505505505505506,0.7561207318117089,7.181233542858271,10.845963915956691,0.21422401563085314,-1.8637588513601568
0.5605605605605606,0.7380374339028164,7.28851188182539,10.60665524925176,0.1941114936132732,-2.16254747763846
0.5705705705705706,0.719465483073384,7.3933109657607154,10.3506425801804,0.1709204202125581,-2.4788348152947832
0.5805805805805806,0.7004320229220768,7.495479639377449,10.081099956391128,0.14449542254867534,-2.80868837191595
0.5905905905905906,0.680963716327919,7.5948982880533595,9.801150542505528,0.11472058702500529,-3.148161417343867
0.6006006006006006,0.6610867454502942,7.691478020051217,9.513806730805891,0.08151923891141884,-3.4933639295017405
0.6106106106106106,0.6408268117289444,7.785159308100287,9.22192199823509,0.04485306222917418,-3.8405234774930523
0.6206206206206206,0.6202091358839693,7.875910209327191,8.928154686147815,0.004720662658305573,-4.186035740505849
0.6306306306306306,0.5992584579158287,7.963724280710556,8.634943192348185,-0.03884432402163853,-4.526504976111091
0.6406406406406406,0.5779990371053404,8.048618299440012,8.344491557661868,-0.08577548089251337,-4.858775182618447
0.6506506506506506,0.5564546520136807,8.130629885598223,8.058764101241291,-0.13597612804386658,-5.179952952230397
0.6606606606606606,0.5346486004823856,8.209815110169592,7.779487592153992,-0.18932203225414931,-5.487423108092348
0.6706706706706707,0.5126036996333484,8.286246155989629,7.508159411269538,-0.24566424144696042,-5.7788581931606275
0.6806806806806807,0.49034228586882245,8.365247170120014,8.582647337893967,-0.29135705106387155,-2.6168641903053405
0.6906906906906907,0.4678862148714188,8.455370856054989,9.320169946173971,-0.3046135848803079,-0.35390148455861603
0.7007007007007007,0.44525686160410755,8.549929977284165,9.533937920310374,-0.30294651132867056,0.5338421439758757
0.7107107107107107,0.42247512031021806,8.645260931544701,9.507424444992399,-0.2960415368754086,0.7784731705515814
0.7207207207207207,0.39956140451343747,8.739760225862073,9.383891240715013,-0.28827091569062463,0.7487804545542868
0.7307307307307307,0.37653564701781195,8.832848528184753,9.23288998106575,-0.2813760621388978,0.6228480095811855
0.7407407407407407,0.35341729990774734,8.924431455949954,9.086127947656713,-0.27586137648409115,0.4810583376453481
0.7507507507507507,0.33022533454800623,9.014627947926456,8.957055183121518,-0.27169454192701364,0.35682195704688463
0.7607607607607607,0.3069782415837113,9.103652935790425,8.852014611539564,-0.26860762464418303,0.2653879941466112
0.7707707707707707,0.28369403094034445,9.191750515975315,8.771651863612128,-0.26626756795644607,0.20751594233346615
0.7807807807807807,0.26039023182374454,9.279169574589693,8.716365120298985,-0.2643370373064079,0.1835191145532213
0.7907907907907907,0.23708389272011093,9.366162299042664,8.686418447394034,-0.26247645170443185,0.1935356770006153
0.8008008008008007,0.21379158139599996,9.452982889261952,8.681951541125779,-0.2603456752104893,0.23754001454583396
0.8108108108108109,0.19052938489832788,9.539886344291284,8.702985038519705,-0.2576056140162312,0.3153502171830845
0.8208208208208209,0.16731290955436995,9.62712727944648,8.749421311291846,-0.2539197586537538,0.4266315503579584
0.8308308308308309,0.14415728097175867,9.714958728752084,8.82104073162927,-0.24895571193598057,0.5708958297398643
0.8408408408408409,0.12107714403848685,9.803630887598388,8.917493465757406,-0.2423867437414685,0.747496679414292
0.8508508508508509,0.09808666292290436,9.893389751490528,9.03828692834331,-0.23389341362702346,0.955620723479722
0.8608608608608609,0.07519952107372141,9.984475608560883,9.182769129006022,-0.22316530130063028,1.1942748562034384
0.8708708708708709,0.05242892122000625,10.07712134644881,9.350108272454461,-0.20990288291804668,1.462269866106723
0.8808808808808809,0.029787585371184977,10.171550538589056,9.539269145912069,-0.19381958757892565,1.7582008642635054
0.8908908908908909,0.007287754817043912,10.267975281352244,9.748987049322023,-0.1746440628058334,2.0804251941839635
0.9009009009009009,-0.015058809872272594,10.3665937623692,9.977740299657995,-0.15212266964713175,2.4270387837984138
0.9109109109109109,-0.037240828835372,10.467587552285792,10.223722669296919,-0.12602221679461398,2.7958522375855206
0.9209209209209209,-0.05924748353450954,10.571118627625935,10.484817490649647,-0.09613292824581422,3.184368349109663
0.9309309309309309,-0.08106828802682842,10.677326151733432,10.758575555099169,-0.06227162023260239,3.5897631170230433
0.9409409409409409,-0.10269300239127321,10.786323064000154,11.042199320276572,-0.02428504038198574,4.008872727397829
0.950950950950951,-0.12411162826295596,10.898192554437818,11.332536266956724,0.01794670445957459,4.438189331627807
0.960960960960961,-0.14531440883315788,11.012984530217967,11.62608445110475,0.06450673484061396,4.873868670645903
0.970970970970971,-0.16629182884932886,11.130712211482985,11.919013301147206,0.11543813356253203,5.3117525949384286
0.980980980980981,-0.1870346146150858,11.251349023114798,12.207202433489574,0.17074099199920326,5.747409259805595
0.990990990990991,-0.20753373399021663,11.374825974034062,12.486300625882098,0.2303699560816971,6.176193148580831
1.001001001001001,-0.2277803963906755,11.498113475855298,11.645384234593056,0.2867264599219633,3.7470224402216803
1.011011011011011,-0.24776605278858638,11.60842821658546,10.572815750736176,0.3072822951257181,0.7713906763928212
1.021021021021021,-0.2674823957122415,11.711756518555783,10.167389804688137,0.30793546345927914,-0.44285183588109783
1.031031031031031,-0.2869213592461013,11.812788139560666,10.071873015140115,0.30116273480161,-0.8214200538304629
1.0410410410410411,-0.30607511903079504,11.913608452003764,10.104315884136605,0.29270141271454325,-0.8341334372606725
1.0510510510510511,-0.32493609226312076,12.014995564960453,10.175273065402584,0.2849220601814052,-0.7104116691131618
1.0610610610610611,-0.34349693769604395,12.117098730338075,10.243089818304146,0.27859012020987506,-0.5557431653594812
1.0710710710710711,-0.36175055563870034,12.219784653033186,10.290103714490868,0.27376230389781625,-0.41370488391985305
1.0810810810810811,-0.3796900879563927,12.322808478497064,10.310218758409638,0.27022599685849263,-0.2983564608208
1.0910910910910911,-0.39730891807059265,12.425894222242512,10.302582474955605,0.2677025709404042,-0.21072397581373195
1.1011011011011012,-0.4146006709589412,12.52876980362521,10.268483220279762,0.2659323869746757,-0.14688045821486276
1.1111111111111112,-0.4315592131552465,12.631180288574667,10.20990873156735,0.2647031225778409,-0.10168492582624439
1.1211211211211212,-0.44817865274948643,12.732891360134332,10.128935025962546,0.26385286655650353,-0.07034586890762899
1.1311311311311312,-0.464453339387807,12.833688910478,10.027511178793723,0.2632634500663736,-0.04894253738942096
1.1411411411411412,-0.4803778642725221,12.933377479935592,9.907418651432135,0.2628512159297034,-0.03448218872730458
1.1511511511511512,-0.4959470601621155,13.031778764019034,9.770330353669097,0.2625584891829892,-0.024690964038514687
1.1611611611611612,-0.5111560013712377,13.128730874559688,9.617802245439332,0.2623475905867726,-0.017972725044307008
1.1711711711711712,-0.5260000037707098,13.22408077660066,9.448821939495831,0.2621779423294673,-0.019648092537846357
1.1811811811811812,-0.5404746247875197,13.317634757431085,9.258482908575994,0.261876094468179,-0.0452411865381839
1.1911911911911912,-0.5545756634048244,13.409184153388988,9.04826284589063,0.26120048608903007,-0.09398726966990985
1.2012012012012012,-0.5682991601619503,13.498541033174627,8.820350063202259,0.2599318004164432,-0.16342782666924302
1.2112112112112112,-0.5816413971543908,13.585539637987758,8.576982286685947,0.25787568419271545,-0.25103799894244494
1.2212212212212212,-0.5945988980338087,13.670036628822704,8.320398037388543,0.25486313904909413,-0.35428018723808546
1.2312312312312312,-0.6071684280080353,13.751910872301115,8.052793164814293,0.25075040338296334,-0.47065213999480837
1.2412412412412412,-0.6193469938410705,13.831062821972537,7.776283534242693,0.24541838531066398,-0.5977285222169109
1.2512512512512513,-0.6311318438530821,13.907413559685612,7.49287440702804,0.23877171495855368,-0.7331954258066614
1.2612612612612613,-0.6425204679204068,13.980903564902906,7.2044366387170005,0.23073748760548166,-0.8748777000758032
1.2712712712712713,-0.6535105974755506,14.051491279291056,6.912689474667241,0.22126376860032773,-1.0207593286811782
1.2812812812812813,-0.664100205507187,14.119151530321838,6.619189458087072,0.2103179273143367,-1.168997345638341
1.2912912912912913,-0.6742875065601579,14.183873871787975,6.325324782527545,0.1978848614741632,-1.3179299671172757
1.3013013013013013,-0.6840709567354748,14.245660891864024,6.032314313989099,0.18396516585616454,-1.4660797234664544
1.3113113113113113,-0.6934492536903164,14.304526531337265,5.741210466280297,0.16857329121747705,-1.6121524181682698
1.3213213213213213,-0.7024213366380315,14.360494446485895,5.452905123943081,0.15173573108451918,-1.7550327304514417
1.3313313313313313,-0.7109863863481358,14.413596443243952,5.168137856246681,0.13348926606808476,-1.8937772298352096
1.3413413413413413,-0.7191438251463148,14.463871002085622,4.887505740606642,0.11387928804527855,-2.0276054968372805
1.3513513513513513,-0.7268933169144216,14.511361906683803,4.611474203181221,0.09295822004076065,-2.155889955578252
1.3613613613613613,-0.7342347670904784,14.556116983948852,4.340388379348077,0.07078404205092402,-2.2781449300338887
1.3713713713713713,-0.7411683226686758,14.598186958552208,4.074484590501891,0.047418928404015966,-2.394015342963101
1.3813813813813813,-0.7476943721993728,14.637624421449535,3.813901621431074,0.022927998499322606,-2.503265389740604
1.3913913913913913,-0.753813545789097,14.67448290916381,3.5586915614962824,-0.0026218201556806606,-2.6057674413363574
1.4014014014014013,-0.7595267151005447,14.708816088572732,3.3088300414355447,-0.029162819886298076,-2.7014913629693047
1.4114114114114114,-0.7648349933525802,14.740677040561156,3.0642257554298595,-0.05662743661695584,-2.7904943779055555
1.4214214214214214,-0.7697397353202369,14.770117635040775,2.8247292054051223,-0.08494907536275494,-2.8729115591024814
1.4314314314314314,-0.7742425373347166,14.797187989405108,2.5901406422411126,-0.11406284397899814,-2.948946994067076
1.4414414414414414,-0.7783452372833893,14.821936002386959,2.360217207702482,-0.14390620200361726,-3.0188656392765263
1.4514514514514514,-0.7820499146097941,14.844406955438101,2.134679302719044,-0.17441953147582118,-3.0829858585686347
1.4614614614614614,-0.7853588903136378,14.86464317409062,1.9132162233480532,-0.20554663647353513,-3.141672623819047
1.4714714714714714,-0.7882747269507966,14.882683742229972,1.6954911165100448,-0.2372351778349268,-3.195331344826558
1.4814814814814814,-0.7908002286333147,14.89890274852967,1.7581429363390022,-0.2685654045895227,-2.531275644468856
1.4914914914914914,-0.7929384410294049,14.919630556556175,2.292472761457308,-0.2833177866626775,-0.6667357531370611
1.5015015015015014,-0.794692651363449,14.9434002065293,2.4150407523906035,-0.28543105766910926,0.12235026052850619
1.5115115115115114,-0.7960663884159965,14.96728700943742,2.3410086899891285,-0.2825673746196969,0.393764197395447
1.5215215215215214,-0.7970634225237658,14.989937393876888,2.180355890347152,-0.2783151398355648,0.4327700692061385
1.5315315315315314,-0.7976877655796439,15.01079768715569,1.9911115983746408,-0.2741871236717397,0.3899948861356442
1.5415415415415414,-0.7979436710326864,15.0297724945317,1.8045682194955175,-0.2705069438879115,0.34666085374518524
1.5515515515515514,-0.7978356338881173,15.046902818646322,1.6221546267182827,-0.2672419710259273,0.3068829523959661
1.5615615615615615,-0.7973683907073295,15.062228131717044,1.4435041583734651,-0.26435911996468475,0.2701644369665812
1.5715715715715715,-0.7965469196078834,15.075784196818047,1.268241980735396,-0.2618303098703512,0.23600157210463824
1.5815815815815815,-0.7953764402635091,15.087602995536393,1.095986903020434,-0.2596325232211335,0.20388574355477912
1.5915915915915915,-0.7938624139041042,15.09771267205452,0.9263528562097376,-0.2577478455546796,0.17330521113101852
1.6016016016016015,-0.7920105433157362,15.106137490547638,0.7589500851353488,-0.2561634892629281,0.14374655447936963
1.6116116116116117,-0.789826772840639,15.112897803260676,0.5933860996508662,-0.2548718042655851,0.11469585924022678
1.6216216216216217,-0.7873172883772175,15.118010027070659,0.42926642737167026,-0.25387027793405637,0.08563968792301418
1.6316316316316317,-0.7844885173800435,15.121486626750192,0.2661952075153126,-0.25316152620961463,0.05606587685232449
1.6416416416416417,-0.7813471288598576,15.123336103530002,0.10377566287058598,-0.2527532774590493,0.025464198008630524
1.6516516516516517,-0.7779000333835693,15.123562987918474,-0.0583895150785546,-0.25265835023356,-0.006673077481165865
1.6616616616616617,-0.7741543830742563,15.122167836078527,-0.2206978343195296,-0.25289462573735,-0.04085067901291544
1.6716716716716717,-0.770117571611165,15.119147229392471,-0.3835466911350287,-0.253485015466128,-0.0775698651828148
1.6816816816816818,-0.7657972342297102,15.114493777169926,-0.5473330473121765,-0.25445742413713923,-0.11732794782114771
1.6916916916916918,-0.7612012477214751,15.108196122776725,-0.7124530632616334,-0.25584470769606626,-0.16061777768156446
1.7017017017017018,-0.7563377304342118,15.100238953791141,-0.8793016538058362,-0.2576846258465831,-0.20792715748804488
1.7117117117117118,-0.7512150422718407,15.090603017132196,-1.048271932076462,-0.2600197882001221,-0.25973814690054503
1.7217217217217218,-0.745841784694451,15.079343654223349,-1.1769349625923815,-0.2626954593976502,-0.20632947580348215
1.7317317317317318,-0.7402268007182995,15.067168761735026,-1.2662506401408693,-0.263877427619271,-0.05092877079948384
1.7417417417417418,-0.7343791749158133,15.053902579020267,-1.391108798821307,-0.26401139897988907,0.01392101347352369
1.7517517517517518,-0.7283082334155857,15.039289977894008,-1.5334375806991551,-0.2637411595514769,0.0354152384575088
1.7617617617617618,-0.7220235439023805,15.023207290126093,-1.6840891038594348,-0.26336617594102857,0.03762425801166972
1.7717717717717718,-0.7155349156171292,15.005596212328904,-1.8386319571846685,-0.2630129275334981,0.03238589478704913
1.7817817817817818,-0.7088523993569317,14.986429209490097,-1.9950737859512675,-0.2627246971648808,0.025200727219053105
1.7917917917917918,-0.7019862874750572,14.965691367581494,-2.1527744146590315,-0.26250877826557195,0.018047068391126034
1.8018018018018018,-0.6949471138809422,14.94337067902409,-2.3116241403688336,-0.26236184097467363,0.011506162394273333
1.8118118118118118,-0.6877456540401926,14.91945622091136,-2.47151627752085,-0.26227493003706615,0.006119754960878403
1.8218218218218218,-0.6803929246636583,14.89393784684401,-2.6324106998460466,-0.26223459444746133,0.002222874956408275
1.8318318318318318,-0.6729001237755654,14.866805173179142,-2.7944059674212083,-0.26222586453558183,-0.00024435569947968644
1.8418418418418419,-0.6652783800174584,14.838046269234175,-2.9576906470941147,-0.26223601033878324,-0.0016129593548085282
1.8518518518518519,-0.6575386397304657,14.807647316929188,-3.1224438669940575,-0.26225582505257783,-0.0022319777596790805
1.8618618618618619,-0.6496916640391663,14.775592908227761,-3.2888020269278044,-0.26227930315022424,-0.0023870678822906577
1.8718718718718719,-0.6417480288515934,14.741866516835152,-3.456852177009596,-0.2623029169406158,-0.0022884997315529452
1.8818818818818819,-0.6337181248592323,14.706450980060637,-3.626636135630139,-0.2623249198896512,-0.002087266292028304
1.8918918918918919,-0.6256121575370204,14.669328924345477,-3.798152472482176,-0.2623448515472538,-0.0018859768734066664
1.901901901901902,-0.6174401471433488,14.630483246776155,-3.971348861829403,-0.2623629579118611,-0.0017253253202303075
1.911911911911912,-0.60921192872006,14.589897593835465,-4.146129072576961,-0.2623796820191188,-0.0016084962814956066
1.921921921921922,-0.60093715209245,14.547556767093534,-4.322359022628228,-0.262395406856573,-0.001523167161908818
1.931931931931932,-0.5926252818692672,14.50344708648704,-4.499869285004835,-0.26241037124859273,-0.0014542879104261326
1.941941941941942,-0.5842855974427126,14.457556742908595,-4.678454905048477,-0.2624246757416683,-0.0013897617878965956
1.951951951951952,-0.5759271929884398,14.40987616136031,-4.857873649827074,-0.26243832145567003,-0.00132179779521152
1.961961961961962,-0.5675589774655544,14.36039838541512,-5.037843629662245,-0.2624512506049275,-0.0012462056027813255
1.971971971971972,-0.5591896746166157,14.30911948582135,-5.218040930024095,-0.2624633760936124,-0.0011610937639975473
1.981981981981982,-0.5508278229676346,14.256038991105346,-5.398097623954047,-0.26247459843532595,-0.0010657117825356784
1.991991991991992,-0.542481775828076,14.201160335309,-5.577600354002641,-0.26248481299057524,-0.0009596851895998479
2.002002002002002,-0.5341597012908559,14.14449131664818,-5.756089577524867,-0.26249391151885404,-0.0008426288547325592
2.012012012012012,-0.5258695822323436,14.086044560147045,-5.933059535593218,-0.26250178129465257,-0.0007140252545209161
2.022022022022022,-0.5176192163123606,14.025837976719913,-6.107959005268074,-0.2625083038268891,-0.0005732492500242391
2.032032032032032,-0.5094162159741821,13.96389521052663,-6.280192905058473,-0.26251335418293353,-0.0004196529367493833
2.042042042042042,-0.5012680084445347,13.900246065687439,-6.449124830503381,-0.26251680123907983,-0.0002526601728652681
2.052052052052052,-0.49318183573359825,13.834926902675699,-6.614080594733631,-0.2625185088161539,-7.184645278868167e-05
2.062062062062062,-0.4851647546350053,13.767980994012971,-6.774352836170236,-0.26251833749429593,0.00012300633119271314
2.0720720720720722,-0.47722363672584023,13.699458828374464,-6.92920673299829,-0.26251614682614216,0.0003318858924388902
2.0820820820820822,-0.46936516836664066,13.629418351963881,-7.077886833354443,-0.2625117976136837,0.0005545619077471529
2.0920920920920922,-0.4615958507013971,13.557925136108265,-7.219624973043082,-0.26250515385259887,0.0007906413963001084
2.1021021021021022,-0.45392199965755203,13.485787760329414,-7.352347019804112,-0.2624961877016591,0.0010367637713566114
2.1121121121121122,-0.4463497459460013,13.411629215134141,-7.477974538991376,-0.26248459523279716,0.0012980498427105002
2.1221221221221223,-0.4388850350610922,13.336259881976607,-7.59438040301831,-0.26247032550648847,0.0015721986665059925
2.1321321321321323,-0.4315336272806257,13.259775613334448,-7.700842886851419,-0.26245324908322953,0.0018595491879210358
2.1421421421421423,-0.424301097665855,13.182279293474922,-7.796679269936556,-0.2624332283832792,0.002161446191662181
2.1521521521521523,-0.41719283606148594,13.103880391191744,-7.881257253668069,-0.26241010603444287,0.0024805701664166236
2.1621621621621623,-0.41021404709567694,13.024694399698314,-7.95400605612078,-0.26238368956610375,0.0028213442512174426
2.1721721721721723,-0.4033697501800393,12.944842168630181,-8.014426835733223,-0.26235373146983376,0.0031904645593379263
2.1821821821821823,-0.39666477950963613,12.864449136679315,-8.06210207908396,-0.2623199030110801,0.003597639180331323
2.1921921921921923,-0.39010378406298424,12.783644477514004,-8.096703213355902,-0.2622817579315948,0.004057622132065343
2.2022022022022023,-0.3836912276020522,12.70256020675316,-8.117990080642468,-0.26223859968184543,0.004609153378020828
2.2122122122122123,-0.3774313886722618,12.621330241146243,-8.125827698200746,-0.2621893188234176,0.005284746183840051
2.2222222222222223,-0.3713283606024871,12.540089252107057,-8.120199623658902,-0.26213265453410334,0.0060843429709805975
2.2322322322322323,-0.36538605150505465,12.458974662646515,-8.099503987628744,-0.26205931005036126,0.011363473540283348
2.2422422422422423,-0.3596081842757441,12.378176472214877,-8.056219313261607,-0.26182115472305745,0.04093398886328237
2.2522522522522523,-0.35399829659378707,12.297927784316597,-7.989689277800232,-0.26115356011695867,0.09716344659909287
2.2622622622622623,-0.3485597409218684,12.218458135459183,-7.900531066795093,-0.2597928030150233,0.17944033329536588
2.2722722722722724,-0.34329568450612546,12.139989907527005,-7.789555245932655,-0.25748238943516577,0.2869335619696874
2.2822822822822824,-0.3382091093761478,12.06273649648169,-7.6577445636564,-0.2539751457639944,0.418614097410683
2.2922922922922924,-0.3333028123449777,11.986900712231579,-7.506229090208139,-0.24903507420269594,0.5732802931526995
2.3023023023023024,-0.32857940500911054,11.912673440883534,-7.3362587909117565,-0.24243894082026773,0.7495858449309946
2.3123123123123124,-0.32404131374849376,11.840232589337397,-7.149174674083816,-0.23397757572129022,0.9460692257043587
2.3223223223223224,-0.31969077972652793,11.769742320866463,-6.946379625452115,-0.22345687608504158,1.1611834984074674
2.3323323323323324,-0.3155298588900655,11.7013525796126,-6.729309950761088,-0.21069851345486731,1.3933254950373803
2.3423423423423424,-0.3115604219694122,11.63519889236626,-6.49940850998102,-0.19554035610337495,1.6408634907887605
2.3523523523523524,-0.3077841544783263,11.571402427999018,-6.258100156140646,-0.17783662517243465,1.9021626737433905
2.3623623623623624,-0.3042025567140182,11.510070288710939,-6.006770005539929,-0.1574578093524219,2.1756078977632236
2.3723723723723724,-0.3008169437571514,11.451296002928268,-5.746744878927794,-0.13429036704585923,2.4596233937182816
2.3823823823823824,-0.2976284454718421,11.395160187183116,-5.4792780775935235,-0.10823624731816307,2.7526892895017507
2.3923923923923924,-0.2946380065056584,11.341731343461934,-5.205537503477768,-0.07921226164352903,3.053354943143216
2.4024024024024024,-0.2918463862896218,11.29106675908325,-4.926597004229251,-0.0471493377540355,3.36024921982016
2.4124124124124124,-0.28925415903820595,11.24321347787455,-4.643430725314131,-0.011991685084586519,3.672087939970161
2.4224224224224224,-0.2868617137493373,11.198209313968716,-4.356910181829669,0.02630410132173743,3.987678792016862
2.4324324324324325,-0.28466925420439504,11.156083882645634,-4.067803720526438,0.06776997473202022,4.305924041518754
2.4424424424424425,-0.28267679896821063,11.116859626049674,-3.776778024259305,0.11242738815533573,4.625821382325701
2.4524524524524525,-0.28088418138906823,11.080552815098615,-3.4844013124545263,0.16028824641639616,4.946463268874725
2.4624624624624625,-0.279291049598705,11.047174512292436,-3.1911479077470366,0.21135584529125037,5.267035046639971
2.4724724724724725,-0.27789686651231016,11.016679809868608,-3.0484018561653636,0.26549267612766336,5.197866441320408
2.4824824824824825,-0.2767009098285259,10.978980468062698,-4.307421291359661,0.2967458297508308,1.5305077158771268
2.4924924924924925,-0.2757022720294471,10.933165766370868,-4.7643272969215475,0.30293910292213405,-0.055168771999599665
2.5025025025025025,-0.27489986038062075,10.884970974025732,-4.83176829865117,0.29895723383608497,-0.6298150980065791
2.5125125125125125,-0.274292396931047,10.837109309067015,-4.722175390153025,0.2918493367907363,-0.7436973288741169
2.5225225225225225,-0.2738784185131785,10.790758701757873,-4.541469956142066,0.28469159305681974,-0.6705133219256578
2.5325325325325325,-0.27365627674292015,10.746346141387829,-4.340017524520351,0.2786228747291563,-0.5398770438481378
2.5425425425425425,-0.2736241380196299,10.703952253563626,-4.139968554644772,0.27389329340755475,-0.4083479105779681
2.5525525525525525,-0.27377998352611815,10.663513577035983,-3.949680735107647,0.27038740745626094,-0.29686267313064946
2.5625625625625625,-0.2741216092286478,10.624919139791102,-3.771156482748843,0.26787322837505545,-0.21001632121589903
2.5725725725725725,-0.27464662587693456,10.588053231968754,-3.6037597473685947,0.26611183713794784,-0.1456827583747667
2.5825825825825826,-0.27535245900414673,10.552811794319467,-3.4459889068523766,0.26489876843813875,-0.09959340256019132
2.5925925925925926,-0.2762363489269049,10.519106591022169,-3.2962603274609963,0.26407389519624574,-0.06735268567787762
2.6026026026026026,-0.2772953507452829,10.486864267902218,-3.1532069094790023,0.2635181985666659,-0.04519892583505447
2.6126126126126126,-0.2785263343428064,10.456023697772679,-3.015752222492103,0.26314621504974767,-0.030186008565282117
2.6226226226226226,-0.2799259843864544,10.426533127206008,-2.883090830545084,0.26289806312429104,-0.020123939981211744
2.6326326326326326,-0.2814908003266582,10.398347720351026,-2.754629024215789,0.2627325752712782,-0.013418459781101804
2.6426426426426426,-0.2832170963973015,10.371428257961181,-2.629816459772847,0.2626234744476412,-0.008631660432796418
2.6526526526526526,-0.28510100161572116,10.345739968595392,-2.508376491047712,0.26255593852230796,-0.005070436360794865
2.6626626626626626,-0.28713845978270586,10.321249465388366,-2.3902485362889743,0.26251835198310425,-0.0026300272093751752
2.6726726726726726,-0.28932522948249784,10.297923992307616,-2.2753498208458307,0.26250007424503796,-0.0011753816884936203
2.6826826826826826,-0.2916568840827913,10.27573190495732,-2.1635441935643245,0.2624924234355436,-0.0004581836145130718
2.6926926926926926,-0.2941288117347331,10.254643049780375,-2.054676180050123,0.2624894223211245,-0.0002022742602417847
2.7027027027027026,-0.2967362153729231,10.2346287862317,-1.9486022580373308,0.26248764823896176,-0.00018175766112458848
2.7127127127127126,-0.29947411271541313,10.215661793085754,-1.8452025679205297,0.26248555214216035,-0.0002486219999860851
2.7227227227227226,-0.3023373362637084,10.197715836311543,-1.7443784520894539,0.2624827036988546,-0.0003239631935687695
2.7327327327327327,-0.30532053416428606,10.180765594178784,-1.646044744755607,0.26247920710510836,-0.0003759165967771249
2.7427427427427427,-0.3084182214218203,10.164786560870551,-1.5501223687121668,0.2624753398612511,-0.00039864794632445984
2.7527527527527527,-0.3116249195045967,10.149755013145393,-1.4565332517075682,0.26247137209215643,-0.0003975660393867784
2.7627627627627627,-0.314935197832401,10.135648015583328,-1.3651976147613962,0.2624675011587749,-0.00038084398864877413
2.7727727727727727,-0.3183436741919915,10.122443443762165,-1.2760329724989181,0.26246384644530457,-0.0003555348301855124
2.7827827827827827,-0.3218450147370976,10.110120011907073,-1.1889541309318459,0.26246046792157895,-0.0003264205607730973
2.7927927927927927,-0.3254339339884208,10.098657297909948,-1.1038736437264907,0.262457388655867,-0.0002961843481620689
2.8028028028028027,-0.3291051948336345,10.088035762956613,-1.0207023943936269,0.2624546128306306,-0.0002660322377791344
2.8128128128128127,-0.3328536085273831,10.078236765454893,-0.9393501365234765,0.2624521372892052,-0.00023631844801957102
2.8228228228228227,-0.3366740346912839,10.069242570054904,-0.8597259309597896,0.2624499575925108,-0.00020700564752771755
2.8328328328328327,-0.34056138131392455,10.061036352842589,-0.7817384760910494,0.2624480704156585,-0.0001779405459401513
2.8428428428428427,-0.3445106047508655,10.05360220368632,-0.7052963509560362,0.2624464739480812,-0.00014898656716462715
2.8528528528528527,-0.3485167097246388,10.04692512648688,-0.6303081953218591,0.26244516745482116,-0.00012006746026123452
2.8628628628628627,-0.3525747493247474,10.040991037855168,-0.5566828468951086,0.2624441506571056,-9.116590181687916e-05
2.8728728728728727,-0.35667982500766726,10.03578676457146,-0.484329449640789,0.26244342322661407,-6.230568280429337e-05
2.8828828828828827,-0.36082708659684487,10.031300040068453,-0.41315754177113856,0.26244298447245723,-3.353260657999039e-05
2.8928928928928928,-0.3650117322826993,10.02751950011477,-0.3430771282437154,0.2624428331979359,-4.900111447885165e-06
2.9029029029029028,-0.36922900862262115,10.02443467783918,-0.27399874047358563,0.2624429676721443,2.3539402785847406e-05
2.9129129129129128,-0.3734742105409722,10.022035998214248,-0.20583348495834328,0.2624433856642871,5.173871611083306e-05
2.9229229229229228,-0.3777426813290869,10.020314772103635,-0.1384930821664096,0.2624440845037241,7.96570595538665e-05
2.932932932932933,-0.3820298126452706,10.019263189963608,-0.0718898969988927,0.26244506114438454,0.00010725991369890593
2.942942942942943,-0.3863310445148008,10.018874315276438,-0.005936962193369039,0.26244631222382775,0.00013451825488474916
2.952952952952953,-0.3906418653299271,10.019142077779234,0.05945200390707777,0.2624478341141939,0.0001614077413357281
2.962962962962963,-0.3949578118498697,10.020061266537066,0.12436258377793473,0.26244962296561997,0.0001879080376317573
2.972972972972973,-0.39927446920082194,10.021627522895479,0.18887964990623066,0.26245167474376846,0.00021400231181593947
2.982982982982983,-0.40358747087594754,10.023837333332944,0.25308735536766286,0.26245398526304115,0.00023967686831947893
2.992992992992993,-0.4078924987353829,10.026688022220412,0.31706912445062463,0.2624565502165698,0.00026492086344103756
3.003003003003003,-0.41218528300623636,10.030177744481918,0.38090764203437905,0.2624593652035705,0.00028972605841884417
3.013013013013013,-0.4164616022825865,10.034305478137496,0.4446848404639589,0.2624624257542815,0.0003140865803925355
3.023023023023023,-0.42071728352548543,10.0390710166972,0.5084818826880594,0.2624657273524683,0.00033799867584998757
3.033033033033033,-0.4249482020629558,10.044474961362672,0.5723791404373267,0.2624692654553916,0.00036146045051364817
3.043043043043043,-0.42915028158999263,10.050518712980667,0.6364561662200592,0.2624730355110925,0.0003844715950244264
3.053053053053053,-0.43331949416856225,10.057204463680371,0.7007916579013224,0.2624770329728602,0.00040703309788831947
3.063063063063063,-0.43745186022760285,10.064535188114352,0.7654634146111359,0.26248125331076716,0.0004291469475372534
3.073073073073073,-0.44154344856302474,10.072514634209789,0.8305482826987732,0.26248569202016414,0.00045081582476815105
3.083083083083083,-0.44559037633770937,10.081147313324056,0.8961220904143298,0.2624903446270503,0.000472042785839762
3.093093093093093,-0.44958880908151033,10.09043848968504,0.9622595699567699,0.26249520669021265,0.0004928309358663034
3.103103103103103,-0.45353496069125254,10.100394168983017,1.0290342654804705,0.2625002738000431,0.0005131830910969909
3.113113113113113,-0.4574250934307331,10.111021085966247,1.0965184256011864,0.2625055415739044,0.0005331014280066681
3.123123123123123,-0.461255517930721,10.12232669087788,1.1647828788888053,0.2625110056479056,0.0005525871164758504
3.133133133133133,-0.4650225931889561,10.134319134556215,1.2338968907796302,0.26251666166490606,0.0005716399336080942
3.143143143143143,-0.4687227265701509,10.147007252004395,1.3039280002872116,0.2625225052585395,0.0005902578539088731
3.153153153153153,-0.4723523738059889,10.160400544219327,1.3749418348401758,0.2625285320329947,0.0006084366107285368
3.163163163163163,-0.47590803899512585,10.174509158052453,1.4470019015305524,0.2625347375382357,0.0006261692230368251
3.173173173173173,-0.47938627460318944,10.189343863857706,1.5201693530197322,0.2625411172402821,0.0006434454804286844
3.183183183183183,-0.48278368146277817,10.204916030664528,1.5945027263249272,0.26254766648609257,0.0006602513781194578
3.193193193193193,-0.48609690877346323,10.221237598595605,1.6700576527008661,0.26255438046250285,0.0006765684925119453
3.203203203203203,-0.4893226541017869,10.238321048231555,1.746886536843814,0.26256125414857334,0.0006923732863754924
3.2132132132132134,-0.4924576633812635,10.256179366606945,1.825038203683278,0.26256828226057977,0.0007076363311690986
3.2232232232232234,-0.49549873091237934,10.274826009505341,1.9045575110966788,0.26257545918874914,0.0007223214323244014
3.2332332332332334,-0.49844269936259156,10.29427485970437,1.985484926990469,0.2625827789246944,0.0007363846414863692
3.2432432432432434,-0.5012864597663302,10.31454018080768,2.0678560693449364,0.26259023497832584,0.0007497731377830283
3.2532532532532534,-0.5040269515249962,10.335636566286938,2.151701208027419,0.2625978202828357,0.0007624239582913313
3.2632632632632634,-0.5066611624069626,10.357578883346934,2.2370447274483287,0.26260552708613716,0.0007742625559036008
3.2732732732732734,-0.5091861285475741,10.380382211218786,2.3239045494761066,0.262613346826919,0.0007852011612096983
3.2832832832832834,-0.5115989344491466,10.404061773482761,2.4122915164503094,0.2626212699932325,0.0007951369237063164
3.2932932932932935,-0.5138967129809691,10.428632864022886,2.502208734647345,0.26262928596127827,0.000803949807204323
3.3033033033033035,-0.5160766453793008,10.454110766222337,2.593650879171001,0.2626373828118121,0.0008115002152333104
3.3133133133133135,-0.5181359612473734,10.48051066502153,2.6866034619700234,0.26264554712135957,0.0008176263247667432
3.3233233233233235,-0.5200719385553907,10.507847551482364,2.7810420655377706,0.2626537637252374,0.0008221411123684741
3.3333333333333335,-0.5218819036405273,10.536136119532028,2.87693154583238,0.26266201544926454,0.0008248290665007313
3.3433433433433435,-0.52356323120693,10.565390654601197,2.974225209077371,0.2626702828070566,0.0008254425952370947
3.3533533533533535,-0.5251133443257179,10.595624913923626,3.0728639683665557,0.2626785436599968,0.0008236981623279445
3.3633633633633635,-0.5265297144349806,10.626851998330801,3.1727754874046115,0.2626867728374745,0.0008192722186583611
3.3733733733733735,-0.5278098613397806,10.659084215455962,3.273873320263009,0.26269494171587265,0.0008117970449254283
3.3833833833833835,-0.5289513532121515,10.692332934359042,3.3760560577113283,0.2627030177562721,0.0008008566880669818
3.3933933933933935,-0.5299518065910986,10.726608431698509,3.4792064924816497,0.2627109640030855,0.000785983263869467
3.4034034034034035,-0.5308088863825995,10.761919729709106,3.5831908177149008,0.2627187385491243,0.000766654015388125
3.4134134134134135,-0.5315203058596027,10.798274426396608,3.6878578747903887,0.26272629397721253,0.0007422896652550061
3.4234234234234235,-0.5320838266620295,10.83567851853277,3.7930384687083176,0.262733576794724,0.0007122547815101845
3.4334334334334335,-0.5324972587967717,10.874136218224699,3.898544771122835,0.26274052688564703,0.0006758610876393913
3.4434434434434436,-0.5327584606376936,10.913649764043566,4.004169832936876,0.2627470770152352,0.0006323748777304749
3.4534534534534536,-0.5328653389256315,10.954219227924359,4.10968722997991,0.2627531524350455,0.0005810299223271512
3.4634634634634636,-0.5328158487683925,10.995842319290883,4.214850866586334,0.2627586706509772,0.00052104742722046
3.4734734734734736,-0.5326079936407563,11.038514188112796,4.319394962746105,0.2627635414329676,0.00045166466758154127
3.4834834834834836,-0.5322398253844738,11.082227228860129,4.42303425076108,0.262767667160689,0.0003721737647263259
3.4934934934934936,-0.5317094442082678,11.126970887578384,4.525464406843509,0.26277094361209774,0.000281971573695783
3.5035035035035036,-0.5310149986878333,11.172731474555157,4.626362741664697,0.26277326130688283,0.00018062065825968492
3.5135135135135136,-0.530154685765836,11.219491985277948,4.7253891713367695,0.26277450750908277,6.791970712057992e-05
3.5235235235235236,-0.5291267507519145,11.267231932579664,4.822187486564249,0.26277456896561224,-5.602058245316343e-05
3.5335335335335336,-0.5279294873226781,11.315927193021935,4.9163869326892256,0.26277333540334313,-0.0001907030852221527
3.5435435435435436,-0.5265612375217084,11.365549870663322,5.00760410715686,0.26277070372178685,-0.000335181486788964
3.5535535535535536,-0.5250203917595588,11.416068181389884,5.095445173806147,0.26276658270130465,-0.000488022274199624
3.5635635635635636,-0.5233053888137543,11.467446360941699,5.179508385790049,0.2627608979066259,-0.0006473060827182072
3.5735735735735736,-0.5214147158287915,11.519644599649377,5.259386901444397,0.26275359632234396,-0.0008106818738429715
3.5835835835835836,-0.5193469083161389,11.572619006702796,5.334671870660243,0.26274465014331916,-0.0009754825279687361
3.5935935935935936,-0.5171005501542363,11.626321606521083,5.404955763670636,0.26273405909917,-0.0011389013477795553
3.6036036036036037,-0.5146742735884962,11.680700369488108,5.469835909587721,0.2627218507571814,-0.0012982165591454609
3.6136136136136137,-0.5120667592313018,11.735699278970392,5.528918207871186,0.2627080784439227,-0.0014510376968134505
3.6236236236236237,-0.5092767360620089,11.791258436143176,5.581820971024688,0.26269281674184336,-0.001595537673619069
3.6336336336336337,-0.5063029814269443,11.8473142037008,5.6281788499829135,0.26267615490085233,-0.0017306314865877595
3.6436436436436437,-0.5031443216942185,11.903799388997605,5.6676467842378315,0.26265818886880066,-0.0018560695304414255
3.6536536536536537,-0.499799649813592,11.960643466529458,5.6999039072802535,0.2626390128897331,-0.001972429877846539
3.6636636636636637,-0.49626795718660166,12.017772838907675,5.72465732527767,0.26261871166913897,-0.0020810154891565268
3.6736736736736737,-0.4925483397432383,12.075111134609543,5.741645678310042,0.26259735393868144,-0.0021836829532413836
3.6836836836836837,-0.4886399979548937,12.132579539875207,5.75064239300358,0.2625749879115823,-0.0022826427039788176
3.6936936936936937,-0.48454223683436276,12.190097161214444,5.751458537708552,0.2625516387022434,-0.0023802724147471226
3.7037037037037037,-0.4802544659358413,12.247581414143218,5.743945201312414,0.26252730740129343,-0.0024789768784639478
3.7137137137137137,-0.47577619935492715,12.304948433054255,5.727995332130567,0.26250197123430885,-0.0025811130667145227
3.7237237237237237,-0.4711070557286209,12.362113496578619,5.703544991174762,0.26247558412362726,-0.002688983784970369
3.7337337337337337,-0.4662467582353237,12.418991462429108,5.6705739921547105,0.2624480769990528,-0.002804892207099072
3.7437437437437437,-0.4611951345948401,12.475497205525091,5.629105917310186,0.2624193573088026,-0.002931245052508798
3.7537537537537538,-0.4559521170683757,12.531546053164885,5.579207512978738,0.26238930729892385,-0.0030706942505983256
3.7637637637637638,-0.4505177424585379,12.587054211116945,5.520987481633906,0.2623577806986773,-0.0032263140485909603
3.7737737737737738,-0.44489215210933664,12.641939174723934,5.454594698030484,0.2623245974300286,-0.003401820874968607
3.7837837837837838,-0.4390755919061831,12.69612011937893,5.380215804002056,0.2622895356764821,-0.0036020666749538455
3.793793793793794,-0.4330684122758913,12.74951824554045,5.298067052602125,0.26225226998073586,-0.003847138591304489
3.803803803803804,-0.4268710681866764,12.802057059885788,5.208396496192175,0.2622122194325947,-0.004158770402826846
3.813813813813814,-0.42048411914815526,12.853662754310632,5.111491913255725,0.26216873080978265,-0.004531334613934692
3.823823823823824,-0.41390822921134784,12.904264555197537,5.0076709456529285,0.2621212742647321,-0.004947997171330097
3.833833833833834,-0.4071441669686745,12.9537949848972,4.897274285190967,0.2620695082474134,-0.005388493759527372
3.843843843843844,-0.4001928055539593,13.002186999916532,4.779259140400397,0.2620054041205496,-0.009438508911327954
3.853853853853854,-0.3930551226424267,13.04933817484147,4.64890543724705,0.26182080576834904,-0.030145116675262606
3.863863863863864,-0.3857322004507032,13.095124772944281,4.506452074850708,0.2613437670932363,-0.06779681116019853
3.873873873873874,-0.37822522573681877,13.1394290948025,4.3525630032404194,0.26040860333649085,-0.12163587091365863
3.883883883883884,-0.370535489800203,13.182140200915061,4.18792476261978,0.2588573271144944,-0.19088212277127714
3.893893893893894,-0.3626643884816895,13.22315409348103,4.013237735100841,0.25653982646338835,-0.27474214605726494
3.903903903903904,-0.35461342216351277,13.2623738132942,3.829207945871695,0.25331395384450206,-0.3724178479257924
3.913913913913914,-0.34638419576930846,13.299709458082468,3.636539574906898,0.2490455331920483,-0.48311425695584465
3.923923923923924,-0.3379784187641162,13.33507813005557,3.435928304889866,0.24360829344005866,-0.6060464169854712
3.933933933933934,-0.32939790515437567,13.368403821502547,3.228055595304639,0.23688373796951334,-0.7404452983019116
3.943943943943944,-0.3206445734879298,13.39961724800651,3.0135839383309593,0.22876096007497096,-0.8855626770479528
3.953953953953954,-0.31172044685402256,13.428655639239633,2.7931531205533178,0.21913641488343963,-1.0406749647614808
3.963963963963964,-0.3026276528832995,13.45546249739836,2.567377486508039,0.20791365819855268,-1.2050859974067416
3.973973973973974,-0.2933684237478099,13.47998733317628,2.336844176308254,0.19500306252957125,-1.3781288165227665
3.983983983983984,-0.2839450961610025,13.502185388794356,2.1021122902301626,0.18032152014045374,-1.5591664939850507
3.993993993993994,-0.2743601113777304,13.522017357057994,1.863712918150531,0.1637921423630484,-1.747592066418204
4.004004004004004,-0.26461601519424716,13.539449104732132,1.6221499607986696,0.14534396370235336,-1.9428276558072246
4.014014014014014,-0.2547154579482077,13.554451407755254,1.3779016624611038,0.1249116584588474,-2.1443228597984145
4.024024024024024,-0.24466119451867102,13.566999704986006,1.1314227704809654,0.10243527673600046,-2.3515524991302055
4.034034034034034,-0.23445608432609572,13.577073876318503,0.8831472349991718,0.07786000581705699,-2.5640138112155553
4.044044044044044,-0.22410309133234416,13.584658050134738,0.6334913622566134,0.05113596200454603,-2.7812231787441957
4.054054054054054,-0.21360528404067916,13.589740444200345,0.3828573358097964,0.022218017133008403,-3.0027124808888037
4.064064064064064,-0.20296583549576683,13.592313243261378,0.13163702166010127,-0.008934336901342186,-3.2280251528292947
4.074074074074074,-0.19218802328367432,13.59237251576857,-0.11978402491039786,-0.042357083097435216,-3.456712037321329
4.084084084084084,-0.18127522953186978,13.589918171342072,-0.37102243144188884,-0.07808173212430515,-3.688327110302958
4.094094094094094,-0.1702309409092262,13.584953959788534,-0.621692838927745,-0.11613533205926413,-3.9224231613300753
4.104104104104104,-0.15905874862601513,13.577487511689176,-0.8714037701799895,-0.15654043503909518,-4.158547509122891
4.114114114114114,-0.14776234843391284,13.5675304197845,-1.1197536154844348,-0.19931502157749126,-4.396237832748236
4.124124124124124,-0.13634554062599577,13.55509835958072,-1.3663268161279483,-0.244472384111382,-4.635018199901895
4.134134134134134,-0.12481223003674208,13.543493926309925,-0.6378254183009262,-0.2835739232074114,-2.3726367901313066
4.1441441441441444,-0.11316642604203392,13.540771684897656,-0.012593838218847853,-0.29604758959633565,-0.39736033041938446
4.1541541541541545,-0.10141224255915271,13.541745414926948,0.15612596207116444,-0.2954175797509006,0.3904963768693698
4.1641641641641645,-0.08955389804678426,13.543192990490263,0.11026749731585495,-0.29006704550819,0.619687227560459
4.1741741741741745,-0.07759571550501487,13.54365183687711,-0.027680501225482046,-0.2838098202810255,0.6079408943656912
4.1841841841841845,-0.06554212247533203,13.542535935653264,-0.1981028038155075,-0.2781888258963641,0.5094101762173372
4.1941941941941945,-0.05339765104062749,13.539675562979102,-0.3737179609913361,-0.27367293601229004,0.3942239144677519
4.2042042042042045,-0.04116693782519243,13.535083759673677,-0.5433402398294294,-0.27026342870661124,0.2907522521229207
4.2142142142142145,-0.028854723994722442,13.52884234645931,-0.7034153799973432,-0.26778941370202464,0.20761553561056764
4.2242242242242245,-0.01646585525631289,13.521049555326755,-0.8537258419918844,-0.26604313631289367,0.1448361512653058
4.2342342342342345,-0.004005281858461551,13.511798432524445,-0.9952944106394936,-0.2648354453910553,0.0992709527165036
4.2442442442442445,0.0085219414089307,13.501169905298305,-1.129420854528058,-0.26401331256765104,0.06709922500956277
4.2542542542542545,0.02111065521456279,13.489232318155647,-1.2572844319400667,-0.2634606828121937,0.044842582747044474
4.2642642642642645,0.03375559568572961,13.47604342344486,-1.3798160424606325,-0.2630930630703022,0.029687058945777858
4.2742742742742745,0.046451394408326074,13.461652969505058,-1.4976893549714727,-0.2628506457372288,0.019498694692384213
4.2842842842842845,0.05919257842684522,13.446105047481264,-1.611389329476933,-0.2626921208972557,0.012641033021383316
4.2942942942942945,0.07197357024437578,13.429439071301207,-1.721343468269423,-0.26259205691004883,0.0076337152977218525
4.3043043043043046,0.08478868782260757,13.411692001343528,-1.827591014464571,-0.2625351099743308,0.004000118995923507
4.314314314314315,0.0976321445818259,13.392901461521895,-1.9300210827762994,-0.26250798694485766,0.0016491350909950734
4.324324324324325,0.11049804940091662,13.37310600855667,-2.028567804102751,-0.2624987654809068,0.00037269174048755677
4.334334334334335,0.12338040661736094,13.35234460191841,-2.1232096418341366,-0.2624982616340901,-0.000150918482452852
4.344344344344345,0.1362731160272403,13.330656385585852,-2.213924110221797,-0.26250058017819017,-0.0002392518476175568
4.354354354354355,0.1491699728852342,13.308080867028965,-2.300658264618442,-0.2625026328118231,-0.0001290000472234202
4.364364364364365,0.1620646679046182,13.284658264824435,-2.383323463728644,-0.2625032153875674,3.819293388166701e-05
4.374374374374375,0.17495078725726848,13.260429829772654,-2.4618038124009516,-0.2625021450954257,0.00019498559462857747
4.384384384384385,0.18782181257365688,13.235438058914701,-2.535967817063931,-0.2624996614752121,0.0003197237051121275
4.394394394394395,0.20067112094285472,13.209726800585058,-2.605678056578421,-0.262496092165693,0.00041329604139088454
4.404404404404405,0.21349198491253263,13.183341278845887,-2.6707976301232352,-0.2624917072445369,0.0004845568664933316
4.414414414414415,0.22627757248895586,13.156328067661494,-2.7311939102466702,-0.26248668178157986,0.0005428632506155449
4.424424424424425,0.23902094713699107,13.128735037046566,-2.7867405504295397,-0.26248110798231694,0.000595208925173145
4.434434434434435,0.25171506778010083,13.100611284364097,-2.837318561245892,-0.2624750222659635,0.0006458028990337662
4.444444444444445,0.264352788800347,13.072007057156807,-2.882816995263943,-0.26246843059698316,0.0006966593009613099
4.454454454454455,0.2769268600383898,13.04297366977596,-2.9231335353278802,-0.2624613263841169,0.0007484043829856561
4.464464464464465,0.2894299267934855,13.013563414043892,-2.9581751101439475,-0.26245370081650715,0.0008009496107392805
4.474474474474475,0.3018545298234912,12.983829463495,-2.9878585620962426,-0.26244554759934513,0.0008539359625169348
4.484484484484485,0.31419310534485934,12.953825770757836,-3.0121113457174116,-0.26243686430891566,0.0009069748508368239
4.494494494494495,0.3264379850326423,12.923606957948948,-3.0308722207290977,-0.2624276520932396,0.0009597491664396296
4.504504504504505,0.338581396020491,12.89322820030993,-3.04409190512754,-0.26241791480187576,0.0010120352788491845
4.514514514514515,0.35061546090065204,12.862745103629488,-3.0517336612954016,-0.2624076581010927,0.001063689648004706
4.524524524524525,0.3625321977239723,12.832213576221069,-3.0537737962626723,-0.2623968887866606,0.001114625669511374
4.534534534534535,0.3743235199998953,12.801689696380242,-3.050202063906922,-0.26238561432252155,0.0011647928274476909
4.544544544544545,0.3859812366964637,12.771229576342638,-3.0410219617128833,-0.26237384255827806,0.0012141619658363452
4.554554554554555,0.39749706024649,12.740889223819444,-3.0262509180771704,-0.2623615815635746,0.0012627164065986086
4.564564564564565,0.40886272222152387,12.710724402217362,-3.0059203680228386,-0.262348839529342,0.0013104471463292204
4.574574574574575,0.4200701143773821,12.680790490695964,-2.980075710147166,-0.26233562470908245,0.0013573495548215525
4.584584584584585,0.4311113052517397,12.651142345251031,-2.948776144945361,-0.2623219453895975,0.0014034207400256324
4.594594594594595,0.4419785401649333,12.621834161949831,-2.9120944069308763,-0.2623078098801917,0.0014486582497014206
4.604604604604605,0.4526642412199606,12.59291934340978,-2.8701163388647757,-0.26229322635088154,0.0014932100163635295
4.614614614614615,0.4631610073024782,12.564450375788205,-2.8229389705627583,-0.26227818629036553,0.0015411310941098797
4.624624624624625,0.47346161408080467,12.536478717472518,-2.77067149916712,-0.26226263090587265,0.0015964462560469472
4.634634634634635,0.48355901400591783,12.509054666258479,-2.713436573275961,-0.26224648782990334,0.0016582790850223255
4.644644644644645,0.49344633631145685,12.48222723424793,-2.651368404035627,-0.26222970442324334,0.00172398106404883
4.654654654654655,0.5031168870137219,12.456044039649937,-2.5846113712625707,-0.2622122557074444,0.0017908318364863748
4.664664664664665,0.5125641489116725,12.430551210276608,-2.513319032438135,-0.26219414166300725,0.001856590849322915
4.674674674674675,0.5217817815869292,12.405793295917174,-2.4376533089536117,-0.26217538206625696,0.0019195186871229651
4.684684684684685,0.530763621403773,12.381813188526005,-2.35778372308207,-0.2621560121768426,0.0019782269149805124
4.694694694694695,0.5395036815091461,12.358652050027585,-2.2738866331579923,-0.26213608003855693,0.002031521902124013
4.704704704704705,0.5479961518326495,12.336349247832176,-2.186144456561033,-0.2621156451158667,0.0020782975817559956
4.714714714714715,0.5562353990865468,12.31494229815109,-2.0947448889392977,-0.2620947777296577,0.002117481628919344
4.724724724724725,0.5642159667657611,12.294466817079748,-1.999880133800744,-0.26207355881403777,0.00214802269899022
4.734734734734735,0.5719325751478757,12.274956479274348,-1.90174615632998,-0.2620520796558291,0.0021689045654721072
4.744744744744745,0.5793801212931351,12.256442983919724,-1.8005419730252687,-0.2620304414064273,0.002179176014966384
4.754754754754755,0.5865536790444437,12.23895602758275,-1.6964689862637228,-0.26200875424968556,0.0021779887225336727
4.764764764764765,0.593448499027367,12.222523283465625,-1.5897303707629284,-0.2619871361745988,0.0021646376616135106
4.774774774774775,0.6000600086501306,12.207170386512596,-1.480530517159209,-0.2619657113489145,0.0021385998696278174
4.784784784784785,0.606383812103621,12.192920923779312,-1.3690745364414396,-0.26194460812820963,0.002099567992462242
4.794794794794795,0.6124156903613851,12.17979642944313,-1.2555678276236395,-0.2619239567688618,0.0020474753949157524
4.804804804804805,0.6181516011796295,12.167816383815818,-1.1402157097066654,-0.26190388694343986,0.0019825100668971894
4.814814814814815,0.6235876790972228,12.156998215715998,-1.0232231176155833,-0.2618845251814991,0.001905115256129557
4.824824824824825,0.6287202354356933,12.147357531279903,-0.9046417791847581,-0.26186541637402216,0.0022087570474762595
4.834834834834835,0.6335457582992294,12.138912999533778,-0.7838873598361494,-0.2618329810398052,0.00491725220033073
4.844844844844845,0.6380609125746808,12.131686773336053,-0.6610362396241538,-0.2617595223890144,0.010346244254189892
4.854854854854855,0.6422625399315572,12.12569814910519,-0.5364228682619562,-0.26161955994073016,0.0181506116959198
4.864864864864865,0.6461476588220296,12.120963069622665,-0.4103834448755235,-0.2613910674163073,0.027984707511009746
4.874874874874875,0.6497134644809286,12.11749410877681,-0.2832554818866425,-0.2610554761309114,0.03950271958883664
4.884884884884885,0.6529573289257453,12.115300460343969,-0.15537743157565798,-0.2605976751267382,0.0523589643271043
4.894894894894895,0.6558768009566323,12.11438793024575,-0.027088361928718246,-0.26000600864325324,0.06620812818698767
4.904904904904905,0.6584696061564017,12.114758931861928,0.10127233282537301,-0.259272271366313,0.08070547308449673
4.914914914914915,0.660733646890527,12.116412484128459,0.22936520241674102,-0.25839170173501314,0.09550702227572665
4.924924924924925,0.6626670023071415,12.119344212307345,0.3568510073610913,-0.2573629734161965,0.11026974379573748
4.934934934934935,0.664267928337039,12.123546351474516,0.4833909983781745,-0.2561881848855223,0.12465174853863127
4.944944944944945,0.6655348576936743,12.129007752930283,0.6086472240696013,-0.2548728468845331,0.13831251971873035
4.954954954954955,0.6664663998731626,12.135713893890797,0.732282881847736,-0.25342586735906103,0.1509131897319869
4.964964964964965,0.6670613411542796,12.143646890963675,0.8539627260611431,-0.2518595333292584,0.16211687934858654
4.974974974974975,0.6673186445984614,12.15278551804368,0.9733535458556833,-0.25018948899916077,0.1715891127220379
4.984984984984985,0.6672374500498044,12.16310522938166,1.0901247235589722,-0.24843470928751174,0.17899831991149184
4.994994994994995,0.6668170741350663,12.174578188676975,1.2039488823005742,-0.24661746785489452,0.18401643650317426
5.005005005005005,0.6660570102636645,12.187173305119956,1.314502629208878,-0.2447632986181642,0.18631960751095533
5.015015015015015,0.6649569286276769,12.200856277360705,1.421467397893777,-0.242900949684497,0.1855890000703742
5.025025025025025,0.663516676201843,12.21558964640409,1.5245303910765124,-0.2410623286064813,0.18151172655872178
5.035035035035035,0.6617362767435616,12.231332858423993,1.623385621217958,-0.2392824378584614,0.17378187672908654
5.045045045045045,0.6596159307928925,12.24804233845331,1.7177350438874002,-0.2375992994641347,0.16210165430106896
5.055055055055055,0.6571560156725562,12.265671575837647,1.807289775477439,-0.2360538677668594,0.14618261027645826
5.065065065065065,0.6543570854879333,12.284171222241318,1.8917713837873114,-0.23468992942713937,0.12574696212403916
5.075075075075075,0.6512198711270656,12.303489202864558,1.9709132370530702,-0.23355398985540718,0.10052898498949858
5.085085085085085,0.6477452802606543,12.323570841373062,2.044461894289152,-0.23269514544070125,0.07027645832379088
5.095095095095095,0.6439343973420625,12.344358998856848,2.1121785174135725,-0.23216494111443725,0.034752148877042845
5.105105105105105,0.6397884836073122,12.36579422693052,2.1738402836471593,-0.2320172129895774,-0.006264691036887777
5.115115115115115,0.6353089770750876,12.387814934863433,2.22924177518844,-0.23230791603467402,-0.05297683265613873
5.125125125125125,0.6304974925467328,12.410357570393614,2.2781963222420436,-0.2330949369742577,-0.10556761091701221
5.135135135135135,0.6253558216062517,12.433356813637692,2.3205372751766475,-0.2344378928459984,-0.16419951966708013
5.145145145145145,0.6198859326203097,12.456745783268381,2.3561191819476535,-0.2363979158846698,-0.2290128857174991
5.155155155155155,0.6140899707382312,12.480456253896618,2.384818847956542,-0.23903742563656935,-0.3001246445761825
5.165165165165165,0.607970257892004,12.504418883375816,2.4065362572262963,-0.24241988942905912,-0.3776272391146437
5.175175175175175,0.6015292927962737,12.528563448544881,2.421195336118281,-0.24660957252184876,-0.4615876602074965
5.185185185185185,0.5947697509483474,12.552819087753871,2.4287445437428605,-0.25167127944357615,-0.5520466456033529
5.195195195195195,0.5876944846281928,12.57711454837382,2.4291572766426643,-0.257670088163866,-0.649018050021405
5.205205205205205,0.5803065228984372,12.601597406098836,2.530698158788219,-0.2641073559082777,-0.47386768279721175
5.215215215215215,0.5726090716043708,12.627852945053476,2.7008860214628094,-0.2667934823111465,-0.11217800296989353
5.225225225225225,0.5646055133739418,12.655330006482172,2.784573447234626,-0.2670452051621305,0.037968559282003246
5.235235235235235,0.5562994076177602,12.683398621897204,2.8241406214957667,-0.2663650539025639,0.0870675735310809
5.245245245245245,0.5476944905290961,12.711738010645648,2.8412057831806563,-0.2654499050186188,0.09140162685001248
5.255255255255255,0.538794675083879,12.740182794822601,2.8464080580055735,-0.2645924369252154,0.07860139494826796
5.265265265265265,0.5296040510407021,12.768642426152038,2.844706955731355,-0.26389135347156095,0.06148227712819746
5.275275275275275,0.520126884940816,12.79706003085112,2.8382125017153337,-0.26335873034961993,0.04542687800123083
5.285285285285285,0.5103676201081337,12.825392140702593,2.827668975952037,-0.2629729064256375,0.0322508496355891
5.295295295295295,0.5003308766492274,12.853599250827806,2.8132044266569953,-0.2627031841460092,0.022153028447899053
5.305305305305305,0.49002145145332926,12.881640945281275,2.794518719679651,-0.26252263184371627,0.014208631406698796
5.315315315315315,0.4794443181923356,12.909473813765628,2.771454757747193,-0.26241363439559956,0.007843535539238363
5.325325325325325,0.4686046273207994,12.937054688552427,2.7441456731345983,-0.2623597553857037,0.0032088654195257943
5.335335335335335,0.4575077060759359,12.964341641080383,2.7126768762921927,-0.2623433984696496,0.00031045078174457726
5.345345345345345,0.44615905847761994,12.99129301072356,2.6770200468084147,-0.26234851844064244,-0.0011582304646346091
5.355355355355355,0.4345643653283867,13.017866507358438,2.6370906901774624,-0.26236311355528297,-0.001665339967414125
5.365365365365365,0.4227294842134348,13.04401902882868,2.592820675774122,-0.2623798582330666,-0.0016526324586558928
5.375375375375375,0.41066044950062003,13.069707053174623,2.54419725828698,-0.2623952475254677,-0.001434468087155888
5.385385385385385,0.39836347234045977,13.094887234640362,2.4912669758800727,-0.2624082124680941,-0.001187302876573756
5.395395395395395,0.3858449406661322,13.119516933414298,2.4341215243847074,-0.262418899651493,-0.000985215016682876
5.405405405405405,0.3731114191934743,13.143554579322654,2.3728804723470596,-0.26242786763042925,-0.0008431247325413031
5.415415415415415,0.3601696494209878,13.166959878896174,2.307677795999589,-0.2624356720162745,-0.0007498559304872067
5.425425425425425,0.34702654962983087,13.189693913910535,2.2386535764824136,-0.262442712979839,-0.0006877431061783884
5.435435435435435,0.3336892148838237,13.211719178614796,2.165949781496871,-0.262449222662109,-0.0006416904348924591
5.445445445445445,0.3201649170294469,13.23299958861351,2.0897085669977007,-0.2624553077739735,-0.0006017986313777139
5.455455455455455,0.30646110469505866,13.253500479876521,2.010071828919665,-0.262461000660656,-0.0005628801830452644
5.465465465465465,0.2925853870972938,13.273188605982805,1.9271812018216326,-0.2624662991744616,-0.0005229570754394113
5.475475475475475,0.2785453964285854,13.292032135751382,1.8411780961365576,-0.2624711912003203,-0.0004818019680885642
5.485485485485485,0.2643486749987158,13.310000650711629,1.7522036193641395,-0.2624756665931672,-0.00043990438631782275
5.495495495495495,0.2500026674235118,13.32706514114945,1.6603983754193756,-0.2624797210845723,-0.0003978851205314632
5.505505505505505,0.2355147206248513,13.343197999761944,1.5659021963385424,-0.2624833561072127,-0.0003562415326296112
5.515515515515515,0.22089208383065467,13.358373012522504,1.4688538608917634,-0.2624865771444278,-0.00031528632569260707
5.525525525525525,0.20614190857488918,13.372565346845073,1.369390841191106,-0.26248939197784127,-0.0002751744732542322
5.535535535535535,0.1912712486975695,13.385751537462474,1.2676491016556521,-0.2624918093642332,-0.00023595475685910013
5.545545545545545,0.1762870603447546,13.397909470605669,1.1637629611658553,-0.2624938382142273,-0.00019761569249425942
5.555555555555555,0.16119620196855483,13.409018367132012,1.057865020574362,-0.26249548715705157,-0.00016011638101058958
5.565565565565565,0.14600543432712249,13.41905876524652,0.9500861531719047,-0.2624967643394706,-0.00012340307879543904
5.575575575575575,0.1307214204846573,13.42801250342497,0.8405555538006633,-0.26249767733665175,-8.74158104451485e-05
5.585585585585585,0.11535072581140593,13.435862704101293,0.729400841799217,-0.2624982330980897,-5.208941985867849e-05
5.595595595595595,0.09989981798365971,13.442593758633732,0.616748213010143,-0.2624984378901112,-1.7352252556736113e-05
5.605605605605605,0.0843750669837614,13.44819131401702,0.502722636232632,-0.26249829722158186,1.687567008798722e-05
5.615615615615615,0.06878274510009519,13.452642261762417,0.38744808957520466,-0.2624978157526628,5.068413112283939e-05
5.625625625625625,0.053129026927092926,13.455934729321719,0.2710478321215947,-0.2624969971916551,8.417360807014703e-05
5.635635635635635,0.03741998936523372,13.458058074384889,0.15364470619184317,-0.26249584418572447,0.00011745562359502023
5.645645645645645,0.02166161162104091,13.459002882332976,0.03536146529972585,-0.2624943582101746,0.00015065270771656055
5.655655655655655,0.005859775207089524,13.458760967077946,-0.0836788772910429,-0.2624925394593658,0.00018389812459758623
5.665665665665665,-0.009979736058003896,13.457325375469063,-0.20335268470634613,-0.26249038674100583,0.0002173354832134767
5.675675675675675,-0.025851236049575177,13.454690395391673,-0.3235353227774491,-0.2624878973745277,0.00025111831450208875
5.685685685685685,-0.04174913633691335,13.450851567628495,-0.44410078218583715,-0.26248506709359515,0.0002854096706499393
5.6956956956956954,-0.057667946183262486,13.445805701496145,-0.5649213022485556,-0.26248188995230126,0.00032038178708038547
5.7057057057057055,-0.07360227254581558,13.43955089421083,-0.6858670023005409,-0.2624783582342523,0.00035621584245643464
5.7157157157157155,-0.08954682007572401,13.432086553877017,-0.8068055267610482,-0.26247446236337457,0.00039310185296525786
5.7257257257257255,-0.10549639111809128,13.42341342593118,-0.927601710084205,-0.26247019081489786,0.0004312387424529671
5.7357357357357355,-0.12144588571197396,13.413428751199412,-1.049314927140139,-0.26246548295943556,0.00047046518547725794
5.7457457457457455,-0.137390301590384,13.402333888937958,-1.169391769861255,-0.2624604239813308,0.0005112812714023661
5.7557557557557555,-0.15332473418028253,13.390040982864084,-1.2888993462518525,-0.2624549430562173,0.0005546345796137711
5.7657657657657655,-0.16924437660258854,13.376556467562565,-1.407688666566654,-0.26244901599184245,0.0006003272190526639
5.7757757757757755,-0.18514451967217296,13.36188828770741,-1.5256066885866482,-0.2624426193096045,0.0006483994875883415
5.7857857857857855,-0.2010205518978606,13.346045938890091,-1.6424962669250205,-0.26243572826800465,0.0006990492813014931
5.7957957957957955,-0.2168679594824313,13.329040508662189,-1.7581961605390592,-0.26242831563286007,0.0007525665820158076
5.8058058058058055,-0.23268232632261335,13.310884717207367,-1.8725411001493848,-0.2624203509794717,0.000809292780460587
5.8158158158158155,-0.24845933400909395,13.29159295701518,-1.9853619216356493,-0.26241180028565514,0.0008696022015437508
5.8258258258258255,-0.2641947618265119,13.271181330861712,-2.0964857724057664,-0.26240262562492683,0.0009338993997663291
5.8358358358358355,-0.27988448675345945,13.249667687335627,-2.205736396883784,-0.26239278483334694,0.0010026262431969165
5.8458458458458455,-0.2955244834624845,13.227071653093969,-2.3129345056825383,-0.2623822310740425,0.0010762747565292814
5.8558558558558556,-0.3111108243200833,13.203414660995621,-2.417898231264195,-0.26237091225325376,0.0011554037360998913
5.865865865865866,-0.32663967938671024,13.178719973240614,-2.5204436711509306,-0.2623587702531421,0.0012406587555944663
5.875875875875876,-0.34210731641677256,13.153012698641742,-2.6203855180542197,-0.2623457399444279,0.001332796302875579
5.885885885885886,-0.35751010085863016,13.126319803169471,-2.7175377745935614,-0.2623317479303296,0.0014327135876425242
5.895895895895896,-0.3728444958545982,13.09867011294326,-2.8117145485063824,-0.2623167109543648,0.0015414862541277185
5.905905905905906,-0.3881070622409413,13.070094308892925,-2.9027309223483715,-0.26230053387834557,0.0016604170403421113
5.915915915915916,-0.4032944585478813,13.040624914224496,-2.990403132781813,-0.26228310236344304,0.001793046795438007
5.925925925925926,-0.4184034409995935,13.010296289079417,-3.074548093707288,-0.2622642315409071,0.0019490007300999703
5.935935935935936,-0.4334308635142053,12.979144597255681,-3.1549887799106924,-0.2622436596629008,0.0021329102654708628
5.945945945945946,-0.44837367770380004,12.947207738328343,-3.231554978096427,-0.2622211021787738,0.0023454093614671094
5.955955955955956,-0.4632289328744098,12.914525280345668,-3.304083277067078,-0.26219627472709567,0.0025861424111762138
5.965965965965966,-0.47799377602602444,12.881138388595541,-3.3724178027952485,-0.2621688962766125,0.0028548788944123688
5.975975975975976,-0.4926654518525866,12.847089744718094,-3.436411366154086,-0.262138687042822,0.003151561545322019
5.985985985985986,-0.5072413027419919,12.81242345327203,-3.4959267961494698,-0.2621053688470566,0.0034758357689119845
5.995995995995996,-0.5217187687760915,12.777184934580642,-3.550838337239512,-0.26206867156098634,0.00382633066200015
6.006006006006006,-0.5360953877306848,12.74142080352425,-3.6010330568864717,-0.26202834755027854,0.004199785674868663
6.016016016016016,-0.55036879507553,12.70517916220472,-3.646073421694973,-0.2619830937263404,0.005462335385786682
6.026026026026026,-0.5645367239743372,12.66853282951631,-3.6814107602892587,-0.2618704688925675,0.019077190587052702
6.036036036036036,-0.57859700528477,12.631586822765627,-3.705986870528677,-0.26154762307981466,0.04753021806875952
6.046046046046046,-0.5925475675584471,12.594449319336839,-3.7196963574330937,-0.26086564044110644,0.09092071452643995
6.056056056056056,-0.6063864370409358,12.557229319878138,-3.722480137068145,-0.2596748421442156,0.1493017803368987
6.066066066066066,-0.6201117376717624,12.520036180949745,-3.7143261866311486,-0.2578252533254903,0.22267941369687536
6.076076076076076,-0.6337216910844041,12.482979143144654,-3.695269697681253,-0.25516707631143914,0.3110121646520768
6.086086086086086,-0.6472146166062945,12.446166860686446,-3.665392628193966,-0.25155116448607157,0.414211350783
6.096096096096096,-0.660588931258815,12.409706938466886,-3.6248226660544223,-0.24682949124982567,0.5321418192483574
6.106106106106106,-0.6738431497573057,12.373705482276941,-3.573731633011667,-0.2408556087522039,0.664623223379119
6.116116116116116,-0.686975884511059,12.338266667617685,-3.51233337332275,-0.2334850914759335,0.8114317667510355
6.126126126126126,-0.6999858456233199,12.30349233196607,-3.4408811847171163,-0.2245759602900167,0.9723023542556684
6.136136136136136,-0.7128718408912894,12.269481594737128,-3.3596648604112955,-0.21398908325117866,1.1469310786499507
6.146146146146146,-0.7256327758061175,12.236330508451958,-3.2690074193346863,-0.20158855019229543,1.3349779627733571
6.156156156156156,-0.7382676535529115,12.204131743819403,-3.169261607269706,-0.18724201896356385,1.5360698723164834
6.166166166166166,-0.7507755750107312,12.172974310596587,-3.0608062541948513,-0.17082103205705423,1.749803511793129
6.176176176176176,-0.7631557387525905,12.14294331524011,-2.9440425728218766,-0.1522013032172894,1.9757484171555246
6.186186186186186,-0.7754074410454572,12.114119755522244,-2.819390480342512,-0.13126297449022772,2.213449862117862
6.196196196196196,-0.7875300758502494,12.086580351491431,-2.6872850200548744,-0.1078908449634702,2.4624316014316863
6.206206206206206,-0.7995231348218423,12.060397411424553,-2.5481729522116376,-0.08197457317789125,2.7221983827258613
6.216216216216216,-0.8113862073090639,12.035638730768786,-2.402509574556383,-0.05340885582532126,2.9922381686738717
6.226226226226226,-0.8231189803546949,12.01236752151486,-2.2507558230441154,-0.022093585872716804,3.2720240227535724
6.236236236236236,-0.8347212386954715,11.990642368991486,-2.0933756926215867,0.012066006340948988,3.5610156242962683
6.246246246246246,-0.8461928647620794,11.970517212726273,-1.9308340070860996,0.04915922521035685,3.858660391488767
6.256256256256256,-0.8575338386791622,11.952041347782114,-1.7635945563128645,0.08926979119971538,4.164394204141246
6.266266266266266,-0.8687442382653147,11.935259442846954,-1.59211860884501,0.1324757274199799,4.477641731065992
6.276276276276276,-0.8798242390330859,11.920211571323907,-1.4168637982147292,0.17884924757074808,4.797816379582515
6.286286286286286,-0.8907741141889802,11.906933251729471,-1.2382833725803017,0.22845664160643475,5.12431989678168
6.296296296296296,-0.9015942346334507,11.894137414253485,-1.757001869660375,0.27796467938381897,3.6545412942621547
6.306306306306306,-0.9122850689609081,11.870678739386129,-2.7900526427685404,0.2987366327943412,0.8741331163967293
6.316316316316316,-0.9228471834597161,11.840397250093893,-3.1950131842578005,0.30077475905936374,-0.28343932989315435
6.326326326326326,-0.933281242112191,11.807769002704818,-3.2973722187585475,0.2956107063248532,-0.6649717225924887
6.336336336336336,-0.9435880065946046,11.774894205704951,-3.2633673596539907,0.2886004362931866,-0.7020397870456339
6.346346346346346,-0.9537683362771783,11.742677219055699,-3.174949813726205,0.2819994463776088,-0.6066955177405903
6.356356356356356,-0.9638231882240906,11.711445472539895,-3.0704050580308837,0.2765737709511104,-0.4774258788949889
6.366366366366366,-0.973753617159629,11.681266199273507,-2.9660534678041297,0.272423064178987,-0.3557038676742764
6.376376376376376,-0.9835607595862823,11.652102989067904,-2.8676323642560813,0.2693864768919709,-0.2556134340566528
6.386386386386386,-0.993245750489439,11.623889191755472,-2.7761205164357867,0.26723225820877566,-0.17898510525248507
6.396396396396396,-1.0,11.596559377428608,-2.690616642410279,0.2657384628825602,-0.1228595234717325
6.406406406406406,-1.0,11.570061496472045,-2.609489198045587,0.264721019646087,-0.08298995540331533
6.416416416416417,-1.0,11.544361237531417,-2.5308780769274346,0.2640380878786317,-0.05531941388722456
6.426426426426427,-1.0,11.519439367381581,-2.4536472932408633,0.2635854578873932,-0.03642823491587076
6.436436436436437,-1.0,11.495286521165514,-2.3769563372969866,0.26328906062672475,-0.02369930097620975
6.446446446446447,-1.0,11.471900403349638,-2.3002233571859843,0.2630973818687412,-0.015215798861965299
6.456456456456457,-1.0,11.449283469851382,-2.2230706409667653,0.2629751807113524,-0.009615200671583484
6.466466466466467,-1.0,11.427441155429284,-2.145272005799497,0.262898660243484,-0.005949752091001847
6.476476476476477,-1.0,11.406380585670377,-2.0667090210621897,0.26285191990540696,-0.0035709532120956284
6.486486486486487,-1.0,11.386109676313744,-1.9873372551353723,0.262824428420858,-0.0020407477195818076
6.496496496496497,-1.0,11.366636524157453,-1.9071614399589436,0.2628092632638295,-0.0010662841351696305
6.506506506506507,-1.0,11.347969009096365,-1.8262177733504577,0.26280190455998925,-0.00045344618023676836
6.516516516516517,-1.0,11.33011454485204,-1.7445616058303208,0.2627994195837529,-7.448000843968845e-05
6.526526526526527,-1.0,11.313079932187444,-1.6622590391803487,0.2627999171271001,0.00015418252433277
6.536536536536537,-1.0,11.29687128146833,-1.579381294513342,0.2628021855611125,0.0002869175182877796
6.546546546546547,-1.0,11.281493981326433,-1.4960010050915766,0.2628054544640153,0.0003589403639199665
6.556556556556557,-1.0,11.266952697372464,-1.4121898293510213,0.2628092385702119,0.0003929587327671389
6.566566566566567,-1.0,11.253251390006435,-1.3280169602104235,0.26281323613242585,0.0004035537970420334
6.576576576576577,-1.0,11.240393343912737,-1.2435482389428103,0.26281726301079716,0.00040004772935164787
6.586586586586587,-1.0,11.228381204252205,-1.1588456749021347,0.26282121008773507,0.0003883708155544389
6.596596596596597,-1.0,11.217217016207258,-1.0739672370526208,0.2628250158387433,0.0003722718028228458
6.606606606606607,-1.0,11.206902265641478,-0.9889668273984986,0.26282864871022177,0.0003540995205762442
6.616616616616617,-1.0,11.197437919375314,-0.9038943762341085,0.26283209582062395,0.00033530599886446834
6.626626626626627,-1.0,11.18882446407365,-0.8187960191046753,0.26283535572653915,0.00031676943408100134
6.636636636636637,-1.0,11.181061943071256,-0.7337143286555701,0.2628384337953662,0.00029900104794039196
6.646646646646647,-1.0,11.174149990683082,-0.648688583349983,0.262841339246108,0.000282277354777711
6.656656656656657,-1.0,11.168087863695746,-0.5637550608512681,0.26284408325617126,0.0002667246395716348
6.666666666666667,-1.0,11.16287446983801,-0.47894734770763125,0.2628466777488304,0.0002523728896150169
6.676676676676677,-1.0,11.158508393097872,-0.3942966595176093,0.26284913461528364,0.00023919023861867928
6.686686686686687,-1.0,11.15498791580341,-0.3098321674411986,0.26285146521442343,0.00022710499669346132
6.696696696696697,-1.0,11.152311037419715,-0.22558132804649156,0.26285368005043797,0.0002160197801976122
6.706706706706707,-1.0,11.150475490040193,-0.1415702142370672,0.26285578856469743,0.0002058206164319298
6.716716716716717,-1.0,11.149478750570815,-0.05782384551541536,0.2628577990015037,0.00019638285175559264
6.726726726726727,-1.0,11.149318049620843,0.025633483816732874,0.26285971832198535,0.0001875750249601802
6.736736736736737,-1.0,11.149990377126842,0.10877787968709764,0.26286155214975854,0.00017926144414879153
6.746746746746747,-1.0,11.151492484747441,0.19158552752175265,0.2628633047379143,0.00017130393644247243
6.756756756756757,-1.0,11.153820885075692,0.27403237666742253,0.26286497895066324,0.0001635630697541965
6.766766766766767,-1.0,11.156971847725186,0.3560938308245476,0.26286657625539134,0.00015589903814655133
6.776776776776777,-1.0,11.160941392353834,0.4377444453254274,0.26286809672242417,0.00014817233426600422
6.786786786786787,-1.0,11.165725278698261,0.5189576320948999,0.26286953903079524,0.0001402442894292588
6.796796796796797,-1.0,11.171318993699824,0.5997053731556001,0.26287090047898864,0.00013197753470924157
6.806806806806807,-1.0,11.177717735812026,0.6799579435824152,0.26287217700005144,0.00012323641917359523
6.816816816816817,-1.0,11.184916396588811,0.7596836448682678,0.2628733631807815,0.0001138874103538766
6.826826826826827,-1.0,11.192909539662779,0.8388485497333568,0.26287445228491085,0.0001037994949972191
6.836836836836837,-1.0,11.201691377233356,0.9174162594898778,0.2628754362803528,9.284459338876985e-05
6.846846846846847,-1.0,11.211255744196317,0.9953476751616078,0.26287630587070426,8.089799730902895e-05
6.856856856856857,-1.0,11.221596070058602,1.0726007836500588,0.2628770505312775,6.783883942073406e-05
6.866866866866867,-1.0,11.232705348795882,1.1491304603333619,0.2628776585500108,5.355059999172455e-05
6.876876876876877,-1.0,11.2445761068242,1.2248882895778708,0.2628781170736504,3.79216553873647e-05
6.886886886886887,-1.0,11.257200369272976,1.2998224047324565,0.26287841215964,2.0845871416780495e-05
6.896896896896897,-1.0,11.27056962476217,1.3738773492583538,0.2628785288341745,2.2232432002944076e-06
6.906906906906907,-1.0,11.284674788903539,1.4469939607197047,0.26287845115688907,-1.8039418080627167e-05
6.916916916916917,-1.0,11.29950616676353,1.5191092794179142,0.2628781622926444,-4.00277526070609e-05
6.926926926926927,-1.0,11.31505341454341,1.5901564834927442,0.26287764459085905,-6.381907606586309e-05
6.936936936936937,-1.0,11.331305500750272,1.660064852330851,0.26287687967279716,-8.94815645839562e-05
6.946946946946947,-1.0,11.348250667151383,1.7287597601141398,0.2628758485271837,-0.00011707340620584852
6.956956956956957,-1.0,11.365876389822212,1.7961627013020713,0.2628745316144385,-0.000146641926353699
6.966966966966967,-1.0,11.384169340616202,1.8621913497701108,0.2628729089797511,-0.0001782226963782506
6.976976976976977,-1.0,11.403115349400839,1.9267596532171989,0.26287096037510665,-0.0002118386362135843
6.986986986986987,-1.0,11.422699367420513,1.9897779643055704,0.26286866539026604,-0.0002474991237674717
6.996996996996997,-1.0,11.442905432159696,2.0511532098035654,0.2628660035925566,-0.0002851991254763608
7.007007007007007,-1.0,11.46371663409197,2.1107890987644664,0.2628629546751861,-0.00032491836401651685
7.017017017017017,-1.0,11.485115085709356,2.1685863704906736,0.262859498613623,-0.00036662054058972404
7.027027027027027,-1.0,11.50708189323206,2.224443082702421,0.2628556158294019,-0.00041025263050451286
7.037037037037037,-1.0,11.529597131401264,2.2782549399548455,0.2628512873605252,-0.0004557442716724436
7.047047047047047,-1.0,11.552639821756,2.3299156619284105,0.26284649503743246,-0.0005030072663416462
7.057057057057057,-1.0,11.576187914788997,2.3793173907592955,0.2628412216632987,-0.000551935216551384
7.067067067067067,-1.0,11.600218276365679,2.4263511360830385,0.2628354511972261,-0.0006024033136450063
7.077077077077077,-1.0,11.624706678774766,2.470907255942907,0.2628291689386882,-0.0006542683013748864
7.087087087087087,-1.0,11.64962779675749,2.5128759711722632,0.26282236171139745,-0.000707368630873661
7.097097097097097,-1.0,11.674955208836003,2.5521479103063514,0.26281501804459584,-0.0007615248238477513
7.107107107107107,-1.0,11.700661404229182,2.5886146815246502,0.26280712834961123,-0.000816540057852849
7.117117117117117,-1.0,11.726717795606422,2.622169467850537,0.26279868508954896,-0.0008722002909224436
7.127127127127127,-1.0,11.753094739374957,2.6527081668089765,0.262789686768615,-0.0009269214792777949
7.137137137137137,-1.0,11.77976157081636,2.6801305009082763,0.2627801641042465,-0.0009765173640910452
7.147147147147147,-1.0,11.806686635562295,2.7043388007296407,0.26277018042571404,-0.0010189660463583126
7.157157157157157,-1.0,11.83383731870686,2.7252388099786278,0.2627598097159655,-0.001053961606387153
7.167167167167167,-1.0,11.86118008396639,2.7427406536891406,0.2627491242806726,-0.001082043041064742
7.177177177177177,-1.0,11.888680521599102,2.756759639484438,0.2627381888430964,-0.0011041318162917952
7.187187187187187,-1.0,11.91630340382553,2.7672169640107076,0.26272705813158564,-0.0011212733207433432
7.197197197197197,-1.0,11.944012746974137,2.774040354443563,0.2627157764556297,-0.0011344872876800514
7.207207207207207,-1.0,11.97177187976602,2.777164655661823,0.2627043784300632,-0.0011446827587921064
7.217217217217217,-1.0,11.999543517211036,2.7765323653594796,0.2626928903243478,-0.0011526154310353529
7.227227227227227,-1.0,12.027289839591521,2.772094116181331,0.26268133168239166,-0.0011588744497623735
7.237237237237237,-1.0,12.054972575994817,2.7638091030385503,0.2626697169667116,-0.0011638893677637016
7.247247247247247,-1.0,12.082553091836955,2.75164545369702,0.26265805706437995,-0.0011679496678600424
7.257257257257257,-1.0,12.109992479801242,2.735580540918676,0.26264636056186813,-0.0011712305133874854
7.267267267267267,-1.0,12.137251653599765,2.7156012346596334,0.26263463475253257,-0.0011738197678600208
7.277277277277277,-1.0,12.164291443951704,2.6917040930665515,0.26262288638257314,-0.001175742830327361
7.287287287287287,-1.0,12.1910726961616,2.663895491312638,0.26261112216840643,-0.0011769832995722621
7.297297297297297,-1.0,12.217556368672527,2.6321916877295273,0.26259934913176985,-0.0011774987273478212
7.307307307307307,-1.0,12.24370363196704,2.5966188272464854,0.2625875748014103,-0.0011772316344566955
7.317317317317317,-1.0,12.269475967191486,2.557212882835966,0.26257580732540664,-0.0011761165163607715
7.327327327327327,-1.0,12.2948352638907,2.5140195364487714,0.2625640555295166,-0.0011740837997916735
7.337337337337337,-1.0,12.31974391625883,2.467094001752308,0.2625523289471487,-0.0011710617109816743
7.347347347347347,-1.0,12.344164917339208,2.416500791807958,0.2625406378376114,-0.0011669768734858413
7.357357357357357,-1.0,12.36806195064176,2.3623134355903623,0.26252899320207806,-0.0011617542510027903
7.367367367367367,-1.0,12.391399478688557,2.304614147925606,0.26251740680160796,-0.001155316847763048
7.377377377377377,-1.0,12.414142828047053,2.243493457982619,0.262505891178299,-0.0011475854099307038
7.387387387387387,-1.0,12.436258270464066,2.1790498018790285,0.2624944596788778,-0.0011384782494980213
7.397397397397397,-1.0,12.457713099770643,2.1113890852547486,0.2624831264792309,-0.0011279112358860083
7.407407407407407,-1.0,12.478475704287574,2.0406242218258552,0.2624719066081479,-0.0011157979603061998
7.4174174174174174,-1.0,12.498515634521489,1.9668746539632007,0.26246081596859927,-0.0011020500627959631
7.4274274274274275,-1.0,12.517803666001837,1.8902658612532643,0.2624498713549771,-0.0010865777108950312
7.4374374374374375,-1.0,12.53631185716737,1.8109288628028906,0.26243909046481895,-0.0010692902244506751
7.4474474474474475,-1.0,12.554013602267487,1.7289997187556843,0.26242849190354733,-0.0010500968478394726
7.4574574574574575,-1.0,12.570883679296031,1.6446190361080004,0.2624180951807243,-0.0010289076765673353
7.4674674674674675,-1.0,12.586898293024369,1.557931483459305,0.26240792069622604,-0.0010056347485235416
7.4774774774774775,-1.0,12.602035113243971,1.4690853188186017,0.2623979897146345,-0.0009801933108602445
7.4874874874874875,-1.0,12.616273308367457,1.3782319340291074,0.26238832432604375,-0.0009525032720874513
7.4974974974974975,-1.0,12.62959357456959,1.285525418781379,0.26237894739138884,-0.0009224908450983875
7.5075075075075075,-1.0,12.641978160676498,1.191122146573838,0.2623698824703897,-0.000890090381612805
7.5175175175175175,-1.0,12.65341088903162,1.0951803843624561,0.2623611537302168,-0.0008552463908878746
7.5275275275275275,-1.0,12.66387717258171,0.9978599270300474,0.26235278583311317,-0.0008179157264100404
7.5375375375375375,-1.0,12.673364028433943,0.8993217572114051,0.26234480380141695,-0.0007780699133395633
7.5475475475475475,-1.0,12.681860088138325,0.7997277304434944,0.26233723285876737,-0.0007356975766207753
7.5575575575575575,-1.0,12.689355604945963,0.6992402850782012,0.26233009824674647,-0.0006908069159587556
7.5675675675675675,-1.0,12.695842458286116,0.5980221759065646,0.26232342501681466,-0.0006434281587037625
7.5775775775775776,-1.0,12.701314155692073,0.49623623000328165,0.2623172377981715,-0.0005936159069548292
7.587587587587588,-1.0,12.705765832388778,0.3940451229133745,0.26231156054307786,-0.0005414512812437643
7.597597597597598,-1.0,12.709194248735134,0.2916111729725375,0.26230641625220685,-0.0004870437513373789
7.607607607607608,-1.0,12.711597785689673,0.18909615128079146,0.26230182668374236,-0.0004305325367225733
7.617617617617618,-1.0,12.712976438438798,0.08666110031916531,0.26229781203936886,-0.0003720985739366151
7.627627627627628,-1.0,12.713331807861284,-0.015533931275604682,0.2622943894981128,-0.00031221729967363557
7.637637637637638,-1.0,12.712667090169628,-0.11732989073221343,0.2622915712659781,-0.0002512511947988607
7.647647647647648,-1.0,12.710987067133997,-0.218568768994189,0.26228936818033277,-0.00018917332046368928
7.657657657657658,-1.0,12.708298094133408,-0.3190938963531024,0.26228779170179833,-0.0001259298479764534
7.667667667667668,-1.0,12.704608085600178,-0.41875016361462175,0.2622868532108115,-6.160393384917125e-05
7.677677677677678,-1.0,12.699926498520039,-0.5173841963033579,0.262286562411609,3.5538020956186977e-06
7.687687687687688,-1.0,12.694264314287048,-0.6148445135840624,0.26228692576734114,6.91524573996993e-05
7.697697697697698,-1.0,12.6876340189642,-0.7109816903893887,0.2622879453090804,0.00013470372763719818
7.707707707707708,-1.0,12.680049581865301,-0.8056485320245813,0.26228961786709665,0.00019966170823710512
7.717717717717718,-1.0,12.671526432310861,-0.8987002651035175,0.2622919346578365,0.00026345396378410404
7.727727727727728,-0.9970834038409432,12.662081434387785,-0.9899947459277746,0.2622948811384281,0.0003255042851313443
7.737737737737738,-0.9832746520168794,12.65173386971077,-1.079188841620327,0.2622982883903439,0.0003606061908930088
7.747747747747748,-0.9692511783127642,12.640509242285667,-1.1653774068246103,0.26230145625930673,0.0002989034485601235
7.757757757757758,-0.955016547595783,12.628438522977897,-1.248382542509329,0.26230392151011833,0.00023004197115888
7.767767767767768,-0.9405744706497193,12.615554320696562,-1.3280528759818844,0.26230582314609513,0.0001893105603202404
7.777777777777778,-0.9259288041749597,12.60189066417017,-1.404254508320456,0.26230748586547487,0.0001820961059203352
7.787787787787788,-0.9110835507884857,12.587482861290283,-1.4768647163927344,0.2623092137682999,0.00020107169709114098
7.797797797797798,-0.8960428590238784,12.57236740670426,-1.5457684973026111,0.2623112174533539,0.0002359642589161654
7.807807807807808,-0.880811023331318,12.556581912984479,-1.6108571594252137,0.26231361023535676,0.00027800133007307336
7.817817817817818,-0.8653924840775825,12.540165049204264,-1.6720281251926439,0.26231643148113737,0.0003212119946233449
7.827827827827828,-0.8497918275460532,12.523156478149255,-1.7291853175959153,0.2623196742678509,0.0003622055727641316
7.837837837837838,-0.8340137859367055,12.505596788464086,-1.7822397395217922,0.2623233076242941,0.0003994292933622323
7.847847847847848,-0.8180632373661155,12.487527420951894,-1.8311100423017936,0.2623272910424911,0.0004324179957932047
7.857857857857858,-0.8019452058674577,12.468990589620047,-1.8757230014249053,0.26233158236304577,0.0004612336613470775
7.867867867867868,-0.7856648613905043,12.450029198515326,-1.9160138836549292,0.2623361411608595,0.0004861218525439763
7.877877877877878,-0.7692275198016316,12.43068675538309,-1.9519267183425575,0.26234092960386013,0.0005073396605230384
7.887887887887888,-0.7526386428838092,12.41100728300981,-1.983414492628032,0.26234591218995423,0.0005250934404108384
7.897897897897898,-0.7359038383366074,12.391035228922606,-2.0104392871430274,0.26235105518591273,0.0005395341503388092
7.907907907907908,-0.719028859776196,12.370815373982493,-2.0329723627940175,0.2623563261543914,0.0005507752341569063
7.917917917917918,-0.7020196067353407,12.350392740331362,-2.0509942037444095,0.2623616936863702,0.0005589136777671243
7.927927927927928,-0.6848821246634128,12.329812499121038,-2.0644945180409615,0.26236712732227424,0.0005640459739727874
7.937937937937938,-0.667622604926376,12.309119878449227,-2.073472195480564,0.26237259759815335,0.000566277192680893
7.947947947947948,-0.6502473848067958,12.288360071934289,-2.077935221835344,0.2623780761524842,0.000565724335676713
7.957957957957958,-0.6327629475038354,12.267578148368473,-2.0779005489166193,0.2623835358464567,0.0005625160070163312
7.967967967967968,-0.6151759221332561,12.246818962890748,-2.0733939207326437,0.2623889508704348,0.0005567902277439962
7.977977977977978,-0.597493083727423,12.226127070112991,-2.0644496568973443,0.2623942968248553,0.0005486916610760131
7.987987987987988,-0.5797213532352945,12.205546639617843,-2.0511103953198964,0.2623995507736149,0.0005383689575701511
7.997997997997998,-0.5618677975224305,12.185121374221827,-2.0334267969784947,0.26240469127289917,0.0005259725206043832
8.008008008008009,-0.5439396293709884,12.164894431366188,-2.011457216235492,0.262409698380073,0.0005116527474879568
8.018018018018019,-0.5259442074797243,12.144908347960373,-1.9852673406878696,0.26241455364712707,0.0004955586850909987
8.028028028028029,-0.507889036463998,12.125204968961128,-1.9549298049755224,0.2624192401023354,0.0004778370028240633
8.038038038038039,-0.48978176685576197,12.105825379923935,-1.9205237832987678,0.2624237422228259,0.0004586311904826839
8.048048048048049,-0.4716301951035704,12.086809843715107,-1.882134565630828,0.26242804589991947,0.0004380809082491328
8.058058058058059,-0.4534422635725742,12.068197741521892,-1.8398531227540835,0.26243213839848384,0.00041632143699839205
8.068068068068069,-0.4352260605445284,12.05002751824649,-1.793775665302626,0.262436008311111,0.00039348319376940035
8.078078078078079,-0.4169898202177825,12.032336632318112,-1.7440032019607632,0.26243964550764887,0.00036969128858101375
8.088088088088089,-0.3987419227072848,12.015161509906264,-1.69064110185104,0.26244304108040745,0.00034506510637573735
8.098098098098099,-0.3804908940445844,11.998537503468889,-1.633798665951493,0.2624461872852333,0.0003197179029180998
8.108108108108109,-0.36224540617782625,11.982498854521944,-1.5735887121168715,0.2624490774785525,0.00029375640716888297
8.118118118118119,-0.3440142769717603,11.967078660472998,-1.5101271779504601,0.2624517060504199,0.00026728042583007075
8.128128128128129,-0.32580647020772985,11.95230884532047,-1.4435327453909585,0.26245406835359386,0.0002403824485566998
8.138138138138139,-0.3076310955836788,11.938220133983956,-1.3739264904517352,0.2624561606286408,0.00021314725517943177
8.148148148148149,-0.28949740871414953,11.924842029998798,-1.3014315610877885,0.2624579799251119,0.00018565152842795558
8.158158158158159,-0.2714148111302821,11.912202796280756,-1.226172885677806,0.26245952401887435,0.00015796347778190202
8.168168168168169,-0.2533928502798208,11.900329438644256,-1.1482769141043359,0.2624607913257428,0.00013014248138600934
8.178178178178179,-0.2354412195271036,11.889247691740556,-1.0678713929022896,0.26246178081163024,0.00010223875409599795
8.188188188188189,-0.2175697551615399,11.878982007069883,-0.9850851754326564,0.2624624918995286,7.429304994113284e-05
8.198198198198199,-0.1997883205602992,11.869555542715602,-0.9000480673200073,0.2624629243735763,4.633638671492597e-05
8.208208208208209,-0.18210654901031514,11.860990154487249,-0.8128906991427255,0.26246307827592746,1.8389049207409245e-05
8.218218218218219,-0.16453378222684004,11.853306388252948,-0.7237444156519357,0.2624629537873596,-9.541384599464183e-06
8.228228228228229,-0.14707907003447013,11.84652347323389,-0.632741193996808,0.2624625510964647,-3.746051353565169e-05
8.238238238238239,-0.1297511703671545,11.840659315954357,-0.5400135942199205,0.2624618702706031,-6.538647819828264e-05
8.248248248248249,-0.11255854926819102,11.835730494530992,-0.4456947405819818,0.2624609111349386,-9.334906953869131e-05
8.258258258258259,-0.09550938089022616,11.831752253003069,-0.34991833168299963,0.26245967315996077,-0.00012138895145232274
8.268268268268269,-0.07861154749526217,11.828738495427762,-0.2528186768831318,0.2624581553557345,-0.00014955708936105009
8.278278278278279,-0.06187263945464523,11.826701779491485,-0.15453075615018919,0.2624563561709307,-0.00017791435124170536
8.288288288288289,-0.04529995524907348,11.82565330941884,-0.05519030014905527,0.26245427339525,-0.00020653121409077192
8.298298298298299,-0.02890050146859465,11.82560292799365,0.04506611287768583,0.2624519040644843,-0.0002354875184932857
8.308308308308309,-0.012680992812605136,11.826559107542582,0.14610094711994379,0.2624492443679271,-0.0002648722380725038
8.318318318318319,0.003352147910143849,11.828528939769338,0.24777558998566743,0.26244628955805005,-0.0002947832536410641
8.328328328328329,0.019192789781555964,11.831518124367461,0.3499502277213831,0.2624430338623808,-0.0003253271391834893
8.338338338338339,0.034835093774184006,11.835530956380985,0.4524837200745219,0.2624394703973723,-0.0003566189776538232
8.348348348348349,0.05027351275122974,11.840570312324864,0.5552334783213801,0.2624355910838559,-0.000388782231374458
8.358358358358359,0.06550279146654794,11.846637635120926,0.6580553510691289,0.262431386563384,-0.000421948695886241
8.368368368368369,0.08051796656463733,11.853732917949186,0.7608035222893089,0.26242684611447414,-0.0004562585693722442
8.378378378378379,0.09531436658065238,11.861854687159287,0.8633304260503051,0.26242195756742054,-0.0004918606734854384
8.388388388388389,0.10988761194039587,11.870999984431318,0.9654866823838428,0.2624167072159631,-0.0005289128655944686
8.398398398398399,0.12423361496032034,11.881164348419086,1.0671210586413669,0.2624110797236758,-0.0005675826883818569
8.408408408408409,0.13834857984753035,11.892341796152092,1.1680804605660764,0.26240505802243674,-0.0006080483097871097
8.418418418418419,0.15222900269977552,11.904524804513795,1.268209957120604,0.2623986231997798,-0.0006504998158343248
8.428428428428429,0.1658716715054606,11.917704292152692,1.3673528428646158,0.2623917543712258,-0.0006951409303707941
8.438438438438439,0.17927366614363838,11.931869602219757,1.4653507413661393,0.26238442853289684,-0.0007421912507204979
8.448448448448449,0.19243235838401232,11.947008486358145,1.5620437527514532,0.26237662038872595,-0.0007918891074215937
8.458458458458459,0.20534541188693686,11.96310709040041,1.6572706480473107,0.26236830214537477,-0.0008444951806949534
8.468468468468469,0.21801078220341266,11.980149942252114,1.7508691124437368,0.26235944326648886,-0.0009002970383044588
8.478478478478479,0.2304267167750942,11.998119942459386,1.8426760390039445,0.2623500101760801,-0.0009596148017023408
8.488488488488489,0.2425917549342851,12.016998357969545,1.9325278736701814,0.26233996589847536,-0.0010228082032139349
8.498498498498499,0.2545047279039389,12.036764819599002,2.020261011661693,0.2623292696192891,-0.0010902853719277714
8.508508508508509,0.26616475879766033,12.057397323719407,2.1057122445361047,0.2623178761480268,-0.001162513787321927
8.518518518518519,0.27757126261970066,12.07887223866126,2.188719256292295,0.2623057352578536,-0.0012400339779226465
8.528528528528529,0.28872394626496495,12.101164316209683,2.269121085324114,0.2622927906043637,-0.0013236842674689705
8.538538538538539,0.29962280851900697,12.12424670253267,2.3467574154235247,0.2622789624771784,-0.0014179490648743311
8.548548548548549,0.31026814005803033,12.148090950897101,2.4214706793421885,0.26226411945276784,-0.0015271645623115956
8.558558558558559,0.32066052344889073,12.172667062628227,2.4931080315023384,0.2622481059158918,-0.001652185450865627
8.568568568568569,0.33080083314908953,12.197943533385054,2.561521187386943,0.2622307654055712,-0.0017926157451798974
8.578578578578579,0.34069023550678196,12.22388739974708,2.6265666893409896,0.2622119463583201,-0.0019479864895671818
8.588588588588589,0.35033018876077254,12.250464290253802,2.6881064993549724,0.2621915005158807,-0.0021181250898348906
8.598598598598599,0.35972244304051526,12.277638483299647,2.7460087552929395,0.2621692799286863,-0.0023031204364648526
8.608608608608609,0.36886904036611556,12.305372972958299,2.8001485882327177,0.2621451352569728,-0.0025031261482838614
8.618618618618619,0.37777231464832606,12.333629543050215,2.850408948027815,0.2621189163401893,-0.00271811438632751
8.62862862862863,0.38643489168855216,12.362368849402698,2.896681413902868,0.2620904753110915,-0.0029476148855710625
8.63863863863864,0.3948596891788481,12.391550510098993,2.9388669806025125,0.2620596723914288,-0.003190438103617319
8.64864864864865,0.40304991670191986,12.421133203442222,2.9768768141478095,0.26202638457843724,-0.0034443724617074668
8.65865865865866,0.41100907573112044,12.451074773292172,3.0106329688435394,0.2619905175071151,-0.003705852542727828
8.66866866866867,0.4187409596304555,12.481331467865546,3.0395537334061893,0.26194977199666,-0.005296008228594151
8.67867867867868,0.42624965365457945,12.51183696514824,3.0600548225216513,0.26184543714177205,-0.017273192340820455
8.68868868868869,0.43353953494879777,12.542502631485355,3.071577213112226,0.2615630421607429,-0.040919715269746054
8.6986986986987,0.4406152725490662,12.573238427756595,3.074076273477806,0.2609858065464483,-0.07624731966629177
8.70870870870871,0.447481827381988,12.60395404296946,3.0675423074859065,0.25999699913533564,-0.12323433097032066
8.71871871871872,0.45414445226481953,12.634559244413516,3.052000654234509,0.2584802733252577,-0.18182550576902273
8.72872872872873,0.46060869190546594,12.664964227010287,3.027511427888074,0.25632000208596906,-0.25193222446923674
8.73873873873874,0.46688038290248246,12.695079958285934,2.9941689041896646,0.2534016093473285,-0.33343302114753365
8.74874874874875,0.47296565374507554,12.724818515502392,2.952100568908062,0.2496118944659924,-0.4261744346374248
8.75875875875876,0.4788709248130987,12.75409341167721,2.901465851674624,0.24483934667255966,-0.5299721566766751
8.76876876876877,0.48460290837705866,12.782819907494261,2.8424545760091,0.23897444668061707,-0.644612445562139
8.77877877877878,0.49016860859811096,12.810915306447672,2.775285162579566,0.23190995298699427,-0.7698537674940892
8.78878878878879,0.4955753215280615,12.838299230957878,2.7002026276956057,0.22354117079667762,-0.905428622831806
8.7987987987988,0.5008306351093664,12.864893877637435,2.617476422565538,0.21376620195245497,-1.0510455109604901
8.80880880880881,0.5059424291751304,12.8906242503509,2.527398160892525,0.20248617472370983,-1.2063909854540926
8.81881881881882,0.5109188754491103,12.915418370193157,2.4302792829403375,0.18960545279570912,-1.3711317507129877
8.82882882882883,0.5157684375457119,12.939207461988346,2.3264487033276713,0.17503182328537334,-1.5449167522029406
8.83883883883884,0.5204998709699911,12.961926117374388,2.216250487622621,0.1586766640778562,-1.7273792147134113
8.84884884884885,0.525122223117655,12.983512434973019,2.1000415994614245,0.14045509121758543,-1.9181385865382128
8.85885885885886,0.5296448332750587,13.003908138541446,1.978189755594332,0.12028608748665696,-2.1168023519775097
8.86886886886887,0.5340773326192091,13.023058674351036,1.8510714211710844,0.09809261365354757,-2.322967679867024
8.87887887887888,0.5384296442177625,13.040913289333682,1.719069971932278,0.07380170416891893,-2.5362228817499775
8.88888888888889,0.5427119830290255,13.05742509177318,1.5825740439789184,0.047344549317833766,-2.7561486596158895
8.8988988988989,0.546934855901955,13.072551096495422,1.4419760856488368,0.01865656600598947,-2.98231912964534
8.90890890890891,0.5511090615761568,13.086252256625356,1.2976711199116355,-0.012322540539600371,-3.2143026149486653
8.91891891891892,0.5552456906818881,13.098493484033238,1.1500557197586057,-0.045648721837242216,-3.4516622067192895
8.92892892892893,0.5593561257400558,13.109243660588904,0.9995271934362182,-0.08137353569169975,-3.6939560994159026
8.93893893893894,0.5634520411622164,13.118475642284698,0.8464829711529545,-0.11954409800275415,-3.940737711443897
8.94894894894895,0.5675454032505775,13.126166258180103,0.6913201801521804,-0.16020303477641185,-4.191555608253212
8.95895895895896,0.5716484701979954,13.132296305968447,0.5344353908401391,-0.20338843246848595,-4.445953249755356
8.96896896896897,0.5757737920879774,13.136850545774124,0.376224513018272,-0.24913378503218273,-4.703468588453695
8.97897897897898,0.5799342108946809,13.144232414935265,1.3282640379245683,-0.28610982816356473,-2.1069096294823195
8.98898898898899,0.5841428604829129,13.16130821364519,1.9869100426775923,-0.2967475080971929,-0.2791013116475833
8.998998998999,0.5884131666081314,13.182556033223076,2.2143031743428145,-0.2953420347167659,0.4361101866662915
9.00900900900901,0.5927588469164426,13.204928927923206,2.238348549825364,-0.2897271655449207,0.6314147959679227
9.01901901901902,0.5971939109446047,13.22703544275667,2.174090133691819,-0.28343558720712225,0.6052806243582779
9.02902902902903,0.6017326601200255,13.248305917514024,2.0772700048353574,-0.2778712333059885,0.5017595712776752
9.03903903903904,0.606389687760762,13.26855881603363,1.973208167186998,-0.2734377816494379,0.38581105919911374
9.04904904904905,0.6111798790755227,13.287781323877526,1.8721344411519885,-0.27010854628038145,0.2832493214685146
9.05905905905906,0.6161184111636646,13.30602272158545,1.777163778945344,-0.2677026978643716,0.2014954576672502
9.06906906906907,0.6212207530151959,13.323345744399987,1.6883310542620598,-0.2660107147549326,0.14005712350935534
9.07907907907908,0.6265026655107743,13.339806799120048,1.604551814952836,-0.26484496274373137,0.09560784002432339
9.08908908908909,0.631980201421708,13.355449856226166,1.5245166027209744,-0.2640549084051469,0.06429380553778662
9.0990990990991,0.637669672983658,13.370306315845482,1.447054550731365,-0.2635269703187708,0.04266391741894851
9.10910910910911,0.643587023263353,13.384397089836725,1.371245466063087,-0.2631787435606876,0.02794946287711416
9.11911911911912,0.6497468914202695,13.39773517440132,1.29642199440541,-0.2629520489756066,0.01806133832878923
9.12912912912913,0.6561624719455561,13.41032800198843,1.222130956477547,-0.2628066262894,0.011483816357452672
9.13913913913914,0.6628455145829591,13.422179260969687,1.1480537896176815,-0.26271525590637573,0.007064750523734332
9.14914914914915,0.669806324328822,13.433289794399014,1.0739688410261736,-0.2626612909171649,0.0039155847381252395
9.15915915915916,0.6770537614320836,13.44365943387655,0.9998813663893291,-0.2626338106959612,0.0017425421099735816
9.16916916916917,0.6845952413942816,13.453288444627388,0.9258479186079407,-0.26262381105575466,0.000391738992797195
9.17917917917918,0.6924367349695499,13.462177572116586,0.8519060225743667,-0.2626240084332981,-0.0003321556044954355
9.18918918918919,0.7005827681646202,13.470327868788091,0.778083145756889,-0.262629209806796,-0.0006427050531393812
9.1991991991992,0.7090364222388209,13.47774069702418,0.7044164447833591,-0.26263622905296635,-0.0007210372249844006
9.20920920920921,0.7177993337040753,13.484417882675467,0.6309620007707651,-0.2626434186594829,-0.0006924648603225952
9.21921921921922,0.7268716943249076,13.490361905235158,0.5577937510608113,-0.2626501113416311,-0.000629658964212482
9.22922922922923,0.7362522511184356,13.49557604986391,0.4849978616798153,-0.26265616369570255,-0.0005674672576101711
9.23923923923924,0.7459383063543764,13.500064499415533,0.412666846162136,-0.2626616570323237,-0.0005182688652712764
9.24924924924925,0.755925717555044,13.503832374622164,0.34089520802578505,-0.2626667333204574,-0.00048331449804002116
9.25925925925926,0.7662088974953465,13.506885739493878,0.2697767997086467,-0.26267152159296336,-0.0004595908014840783
9.26926926926927,0.7767808142027928,13.509231587229515,0.19940347987584794,-0.2626761150103987,-0.0004433126721583613
9.27927927927928,0.787632990957487,13.510877817084166,0.12986457162765974,-0.2626805714865135,-0.0004313402742502945
9.28928928928929,0.7987555062921297,13.511833208165303,0.06124673847063937,-0.26268492240659846,-0.00042151379423922836
9.2992992992993,0.8101369939920217,13.512107393020178,-0.006365963086809243,-0.26268918200835295,-0.0004125274190130181
9.30930930930931,0.8217646430950555,13.511710832055776,-0.07289198422985248,-0.2626933546734389,-0.00040367452036432164
9.31931931931932,0.8336241978917242,13.510654788920448,-0.13825219653649087,-0.26269743969331394,-0.0003946114325021415
9.32932932932933,0.8456999579251183,13.508951306607099,-0.20236983624820762,-0.26270143398454027,-0.00038518620827923797
9.33933933933934,0.8579747779909246,13.506613183946197,-0.2651704814903251,-0.2627053334257048,-0.00037533220830451776
9.34934934934935,0.8704300681374246,13.50365395218198,-0.32658205741170854,-0.26270913338901647,-0.0003650103756589666
9.35935935935936,0.8830457936655001,13.500087851382217,-0.3865348634348218,-0.2627128288634173,-0.00035418258543845784
9.36936936936937,0.8958004751286283,13.49592980648452,-0.4449616181168428,-0.26271641440734994,-0.00034280235056353145
9.37937937937938,0.9086711883328841,13.491195402818333,-0.5017975187780879,-0.26271988405617974,-0.00033081391150834895
9.38938938938939,0.9216335643369407,13.485900860963607,-0.5569803143730578,-0.262723231239813,-0.00031815458498419717
9.3993993993994,0.9346617894520631,13.480063010817679,-0.6104503909151012,-0.2627264487287226,-0.0003047578265523593
9.40940940940941,0.9477286052421199,13.473699264746338,-0.6621508691903557,-0.26272952860943,-0.00029055596919510233
9.41941941941942,0.9608053085235718,13.466827589696797,-0.7120277146382868,-0.26273246228444674,-0.0002754823689997552
9.42942942942943,0.9738617513654805,13.45946647815159,-0.7600298592494603,-0.2627352404908869,-0.00025947301787578546
9.43943943943944,0.9868663410895027,13.451634917804512,-0.8061093352175568,-0.26273785333319144,-0.00024246778142642157
9.44944944944945,0.9997860402698897,13.44335235984289,-0.8502214199321043,-0.2627402903270096,-0.00022441141493288763
9.45945945945946,1.0,13.4346386857255,-0.8923247917384102,-0.2627425404526181,-0.00020525447052629193
9.46946946946947,1.0,13.425509730274351,-0.9332749241049538,-0.26274416297303943,-0.00011322748371036331
9.47947947947948,1.0,13.415977067681666,-0.9730604779645604,-0.26274476178157596,-7.057191965633929e-06
9.48948948948949,1.0,13.40605253440167,-1.0116417138310392,-0.2627443431172119,8.798503917001217e-05
9.4994994994995,1.0,13.395748402440988,-1.048972156434743,-0.26274306374422685,0.00016477120615547325
9.50950950950951,1.0,13.385077424441912,-1.0850026322406867,-0.2627411063222604,0.00022404775309523906
9.51951951951952,1.0,13.3740528490012,-1.119683362249909,-0.2627386297077251,0.00026925452144188167
9.52952952952953,1.0,13.362688421012916,-1.1529649775776327,-0.2627357554754843,0.0003041665404500339
9.53953953953954,1.0,13.35099837493124,-1.1847989849391083,-0.2627325699321925,0.0003319842887226253
9.54954954954955,1.0,13.338997424836455,-1.2151379753189158,-0.2627291313525019,0.00035510827774348986
9.55955955955956,1.0,13.326700753023244,-1.2439357282422063,-0.2627254778071228,0.000375200684967607
9.56956956956957,1.0,13.314123997738395,-1.2711472856883244,-0.26272163380091246,0.0003933405487454887
9.57957957957958,1.0,13.301283240183826,-1.2967290284117818,-0.2627176152793791,0.00041018610783821274
9.58958958958959,1.0,13.28819499068876,-1.3206387667332256,-0.26271343312667567,0.000426111374143773
9.5995995995996,1.0,13.274876173889968,-1.342835848081781,-0.26270909546511323,0.0004413091399515533
9.60960960960961,1.0,13.261344112759774,-1.363281279382134,-0.26270460908291837,0.0004558632242912576
9.61961961961962,1.0,13.247616511349776,-1.3819378609370394,-0.2626999802674373,0.0004697962726218392
9.62962962962963,1.0,13.233711436153053,-1.398770328272975,-0.2626952152547849,0.00048309970530677454
9.63963963963964,1.0,13.219647296021707,-1.4137454987400604,-0.2626903204453665,0.0004957514201990642
9.64964964964965,1.0,13.205442820606194,-1.4268324201235314,-0.26268530248519883,0.0005077255358835788
9.65965965965966,1.0,13.19111703730828,-1.4380025189723968,-0.2626801682764122,0.0005189972299951233
9.66966966966967,1.0,13.17668924676017,-1.447229746723535,-0.2626749249549796,0.0005295447295027312
9.67967967967968,1.0,13.162178996860435,-1.4544907219879892,-0.26266957985705564,0.0005393497675873365
9.68968968968969,1.0,13.14760605541217,-1.4597648675820856,-0.2626641404849316,0.0005483973034026129
9.6996996996997,1.0,13.132990381422411,-1.4630345410476957,-0.262658614477487,0.0005566749573874573
9.70970970970971,1.0,13.118352095133705,-1.4642851575311455,-0.2626530095866569,0.0005641723989892675
9.71971971971972,1.0,13.103711446869385,-1.4635053039938513,-0.26264733365977255,0.000570880795397398
9.72972972972973,1.0,13.08908878478395,-1.4606868438206766,-0.26264159462693376,0.0005767923591466822
9.73973973973974,1.0,13.074504521619065,-1.4558250109819322,-0.26263580049238966,0.000581899997017889
9.74974974974975,1.0,13.059979100573255,-1.448918492996731,-0.26262995932897665,0.0005861970477671498
9.75975975975976,1.0,13.045532960400696,-1.4399695020413836,-0.2626240792747997,0.000589677092442556
9.76976976976977,1.0,13.031186499860647,-1.4289838336478862,-0.2626181685315129,0.000592333822253823
9.77977977977978,1.0,13.016960041643824,-1.4159709125440616,-0.2626122353636841,0.000594160952109254
9.78978978978979,1.0,13.0028737959061,-1.4009438252975484,-0.26260628809883413,0.0005951521712064012
9.7997997997998,1.0,12.98894782354274,-1.3839193395394784,-0.26260033512780756,0.0005953011247224322
9.80980980980981,1.0,12.975201999338005,-1.3649179096585011,-0.26259438490519105,0.0005946014226869571
9.81981981981982,0.9841723587169483,12.961655975125513,-1.34396366897022,-0.26258844594951714,0.0005930466733458777
9.82982982982983,0.9551113804198967,12.948323573356559,-1.3222051833552715,-0.26258194569713084,0.0006870011467414039
9.83983983983984,0.9235501490007835,12.935207870957798,-1.3006375172046392,-0.2625739159809345,0.0008730317965367459
9.84984984984985,0.8893978371377507,12.92230573602167,-1.2795007554807478,-0.26256394387934295,0.0010614732923500021
9.85985985985986,0.8525621727615266,12.90961172475951,-1.2590191898782064,-0.2625522034941502,0.0012191933297470577
9.86986986986987,0.8129494390554401,12.897118185680549,-1.2394114209790004,-0.2625390345376734,0.0013425146076115283
9.87987987987988,0.7704644744554172,12.884815281902991,-1.2208966927904492,-0.26252474148669636,0.0014400009262841241
9.88988988988989,0.7250106726499753,12.872690966015842,-1.2036982193787626,-0.2625095234874502,0.0015230683246139085
9.8998998998999,0.6764899825802444,12.860730932467238,-1.188044514382078,-0.26249347019755787,0.0016017639813671414
9.90990990990991,0.6248029084399364,12.848918563052287,-1.1741695609531686,-0.262476583381056,0.0016835259102933205
9.91991991991992,0.5698485096753658,12.837234873978735,-1.16231240369055,-0.262458802554247,0.0017734124810878844
9.92992992992993,0.5115244009854363,12.825658468342032,-1.1527165193179036,-0.26244002502416325,0.0018748798565968543
9.93993993993994,0.4497267523216687,12.81416549516129,-1.1456291554441056,-0.2624201175647469,0.0019906219109765088
9.94994994994995,0.3843502888881623,12.802729614835684,-1.1413007153817556,-0.2623989202693595,0.0021232761392366703
9.95995995995996,0.31528829114161866,12.791321970462361,-1.1399842014463355,-0.26237624414872307,0.002275968309140585
9.96996996996997,0.24243259479133697,12.779911164521206,-1.141934696018561,-0.2623518638327967,0.0024527535645175636
9.97997997997998,0.16567359079920466,12.76846324072163,-1.1474088455637024,-0.2623255059476218,0.00265904737729856
9.98998998998999,0.0849002253797317,12.756941671192688,-1.1566643041064408,-0.26229683270886534,0.0029021616400020087
10.0,0.0,12.745307358286796,-1.1699560492872965,-0.2622653968539623,0.003199889850839772
